5.000000000000000000e-01
5.000000000000000278e-02
0.000000000000000000e+00
5.000000000000000278e-02
5.500000000000000444e-01
1.250000000000000000e+00
2.149999999999999911e+00
3.100000000000000089e+00
3.900000000000000355e+00
4.500000000000000000e+00
4.849999999999999645e+00
4.849999999999999645e+00
4.500000000000000000e+00
3.850000000000000089e+00
3.049999999999999822e+00
2.100000000000000089e+00
1.199999999999999956e+00
5.000000000000000000e-01
5.000000000000000278e-02
0.000000000000000000e+00
5.000000000000000278e-02
5.500000000000000444e-01
1.250000000000000000e+00
2.149999999999999911e+00
3.100000000000000089e+00
3.900000000000000355e+00
4.500000000000000000e+00
4.849999999999999645e+00
4.849999999999999645e+00
4.450000000000000178e+00
3.850000000000000089e+00
3.000000000000000000e+00
2.100000000000000089e+00
1.199999999999999956e+00
5.000000000000000000e-01
5.000000000000000278e-02
0.000000000000000000e+00
1.000000000000000056e-01
5.500000000000000444e-01
1.300000000000000044e+00
2.200000000000000178e+00
3.100000000000000089e+00
3.950000000000000178e+00
4.500000000000000000e+00
4.849999999999999645e+00
4.799999999999999822e+00
4.450000000000000178e+00
3.799999999999999822e+00
2.949999999999999734e+00
2.049999999999999822e+00
1.150000000000000133e+00
5.000000000000000000e-01
5.000000000000000278e-02
0.000000000000000000e+00
1.000000000000000056e-01
5.999999999999999778e-01
1.300000000000000044e+00
2.200000000000000178e+00
3.149999999999999911e+00
3.950000000000000178e+00
4.549999999999999822e+00
4.849999999999999645e+00
4.799999999999999822e+00
4.450000000000000178e+00
3.799999999999999822e+00
2.949999999999999734e+00
2.049999999999999822e+00
1.150000000000000133e+00
4.499999999999999556e-01
0.000000000000000000e+00
0.000000000000000000e+00
1.000000000000000056e-01
5.999999999999999778e-01
1.350000000000000089e+00
2.200000000000000178e+00
3.149999999999999911e+00
3.950000000000000178e+00
4.549999999999999822e+00
4.849999999999999645e+00
4.799999999999999822e+00
4.400000000000000355e+00
3.750000000000000000e+00
2.949999999999999734e+00
2.000000000000000000e+00
1.150000000000000133e+00
4.499999999999999556e-01
0.000000000000000000e+00
0.000000000000000000e+00
5.000000000000000278e-02
