4.700000000000000178e+00
5.000000000000000000e+00
5.000000000000000000e+00
5.000000000000000000e+00
5.000000000000000000e+00
5.000000000000000000e+00
5.000000000000000000e+00
4.099999999999999645e+00
2.819999999999999840e+00
1.610000000000000098e+00
6.400000000000000133e-01
8.000000000000000167e-02
0.000000000000000000e+00
3.400000000000000244e-01
1.120000000000000107e+00
2.250000000000000000e+00
3.540000000000000036e+00
4.799999999999999822e+00
5.000000000000000000e+00
5.000000000000000000e+00
5.000000000000000000e+00
5.000000000000000000e+00
5.000000000000000000e+00
5.000000000000000000e+00
3.990000000000000213e+00
2.689999999999999947e+00
1.500000000000000000e+00
5.799999999999999600e-01
5.000000000000000278e-02
1.000000000000000021e-02
4.299999999999999933e-01
1.270000000000000018e+00
2.399999999999999911e+00
3.689999999999999947e+00
4.940000000000000391e+00
5.000000000000000000e+00
5.000000000000000000e+00
5.000000000000000000e+00
5.000000000000000000e+00
5.000000000000000000e+00
5.000000000000000000e+00
3.819999999999999840e+00
2.509999999999999787e+00
1.330000000000000071e+00
4.500000000000000111e-01
1.000000000000000021e-02
4.000000000000000083e-02
5.200000000000000178e-01
1.409999999999999920e+00
2.600000000000000089e+00
3.870000000000000107e+00
5.000000000000000000e+00
5.000000000000000000e+00
5.000000000000000000e+00
5.000000000000000000e+00
5.000000000000000000e+00
5.000000000000000000e+00
4.900000000000000355e+00
3.640000000000000124e+00
2.330000000000000071e+00
1.189999999999999947e+00
3.800000000000000044e-01
0.000000000000000000e+00
5.999999999999999778e-02
5.699999999999999512e-01
1.479999999999999982e+00
2.669999999999999929e+00
3.959999999999999964e+00
5.000000000000000000e+00
5.000000000000000000e+00
5.000000000000000000e+00
5.000000000000000000e+00
5.000000000000000000e+00
5.000000000000000000e+00
4.790000000000000036e+00
3.520000000000000018e+00
2.240000000000000213e+00
1.120000000000000107e+00
3.200000000000000067e-01
0.000000000000000000e+00
8.000000000000000167e-02
6.199999999999999956e-01
1.540000000000000036e+00
2.750000000000000000e+00
4.040000000000000036e+00
5.000000000000000000e+00
5.000000000000000000e+00
5.000000000000000000e+00
5.000000000000000000e+00
5.000000000000000000e+00
5.000000000000000000e+00
4.740000000000000213e+00
3.450000000000000178e+00
2.149999999999999911e+00
1.040000000000000036e+00
2.999999999999999889e-01
0.000000000000000000e+00
8.999999999999999667e-02
6.500000000000000222e-01
1.580000000000000071e+00
