1.060000000000000053e+00
4.719999999999999751e+00
1.700000000000000122e-01
2.899999999999999911e+00
4.240000000000000213e+00
7.000000000000000666e-02
3.299999999999999822e+00
2.790000000000000036e+00
2.160000000000000142e+00
3.859999999999999876e+00
2.600000000000000089e-01
4.599999999999999645e+00
2.270000000000000018e+00
2.669999999999999929e+00
3.410000000000000142e+00
5.400000000000000355e-01
4.809999999999999609e+00
7.099999999999999645e-01
3.169999999999999929e+00
1.699999999999999956e+00
9.000000000000000222e-01
4.490000000000000213e+00
1.310000000000000053e+00
2.439999999999999947e+00
3.620000000000000107e+00
1.320000000000000062e+00
4.480000000000000426e+00
0.000000000000000000e+00
6.300000000000000044e-01
2.040000000000000036e+00
3.950000000000000178e+00
2.099999999999999922e-01
4.549999999999999822e+00
1.209999999999999964e+00
2.549999999999999822e+00
3.520000000000000018e+00
4.699999999999999734e-01
4.769999999999999574e+00
7.900000000000000355e-01
1.820000000000000062e+00
4.129999999999999893e+00
8.100000000000000533e-01
4.769999999999999574e+00
0.000000000000000000e+00
1.110000000000000098e+00
2.660000000000000142e+00
3.419999999999999929e+00
1.520000000000000018e+00
4.349999999999999645e+00
2.999999999999999889e-02
3.160000000000000142e+00
2.939999999999999947e+00
2.009999999999999787e+00
3.979999999999999982e+00
1.900000000000000022e-01
4.540000000000000036e+00
1.239999999999999991e+00
1.310000000000000053e+00
3.549999999999999822e+00
1.389999999999999902e+00
4.429999999999999716e+00
0.000000000000000000e+00
1.790000000000000036e+00
4.150000000000000355e+00
7.800000000000000266e-01
4.889999999999999680e+00
1.439999999999999947e+00
2.290000000000000036e+00
3.750000000000000000e+00
3.200000000000000067e-01
4.919999999999999929e+00
2.099999999999999922e-01
2.799999999999999822e+00
4.309999999999999609e+00
4.000000000000000083e-02
4.250000000000000000e+00
1.649999999999999911e+00
2.069999999999999840e+00
4.709999999999999964e+00
0.000000000000000000e+00
9.799999999999999822e-01
2.830000000000000071e+00
2.040000000000000036e+00
6.400000000000000133e-01
4.849999999999999645e+00
5.999999999999999778e-01
9.499999999999999556e-01
4.700000000000000178e+00
3.499999999999999778e-01
2.509999999999999787e+00
3.560000000000000053e+00
4.400000000000000022e-01
4.759999999999999787e+00
8.299999999999999600e-01
1.780000000000000027e+00
4.150000000000000355e+00
1.100000000000000006e-01
4.400000000000000355e+00
1.449999999999999956e+00
3.490000000000000213e+00
