2.470000000000000195e+00
2.500000000000000000e-01
6.500000000000000222e-01
3.430000000000000160e+00
4.879999999999999893e+00
2.589999999999999858e+00
1.000000000000000021e-02
9.899999999999999911e-01
3.839999999999999858e+00
4.759999999999999787e+00
2.120000000000000107e+00
0.000000000000000000e+00
5.300000000000000266e-01
3.270000000000000018e+00
4.910000000000000142e+00
2.759999999999999787e+00
1.400000000000000133e-01
1.080000000000000071e+00
3.919999999999999929e+00
4.730000000000000426e+00
2.020000000000000018e+00
1.000000000000000021e-02
1.010000000000000009e+00
4.080000000000000071e+00
4.759999999999999787e+00
2.109999999999999876e+00
0.000000000000000000e+00
2.300000000000000100e-01
3.029999999999999805e+00
4.919999999999999929e+00
3.020000000000000018e+00
3.800000000000000044e-01
4.899999999999999911e-01
3.209999999999999964e+00
4.879999999999999893e+00
2.560000000000000053e+00
7.000000000000000666e-02
8.100000000000000533e-01
3.629999999999999893e+00
4.839999999999999858e+00
2.370000000000000107e+00
2.000000000000000042e-02
9.499999999999999556e-01
3.799999999999999822e+00
4.860000000000000320e+00
2.450000000000000178e+00
4.000000000000000083e-02
8.800000000000000044e-01
3.720000000000000195e+00
4.799999999999999822e+00
2.540000000000000036e+00
5.999999999999999778e-02
1.040000000000000036e+00
3.890000000000000124e+00
4.740000000000000213e+00
2.080000000000000071e+00
2.000000000000000042e-02
1.189999999999999947e+00
4.240000000000000213e+00
4.530000000000000249e+00
1.620000000000000107e+00
0.000000000000000000e+00
5.100000000000000089e-01
3.490000000000000213e+00
4.799999999999999822e+00
2.520000000000000018e+00
5.999999999999999778e-02
8.299999999999999600e-01
3.669999999999999929e+00
4.740000000000000213e+00
2.060000000000000053e+00
1.000000000000000021e-02
9.699999999999999734e-01
3.830000000000000071e+00
4.650000000000000355e+00
1.600000000000000089e+00
0.000000000000000000e+00
3.599999999999999867e-01
2.990000000000000213e+00
4.929999999999999716e+00
2.779999999999999805e+00
1.400000000000000133e-01
8.399999999999999689e-01
3.680000000000000160e+00
4.830000000000000071e+00
2.319999999999999840e+00
0.000000000000000000e+00
2.700000000000000178e-01
2.819999999999999840e+00
4.919999999999999929e+00
3.220000000000000195e+00
3.400000000000000244e-01
7.099999999999999645e-01
3.520000000000000018e+00
4.870000000000000107e+00
2.490000000000000213e+00
5.000000000000000278e-02
1.080000000000000071e+00
4.139999999999999680e+00
4.599999999999999645e+00
