1.689999999999999947e+00
1.010000000000000009e+00
4.699999999999999734e-01
1.199999999999999956e-01
0.000000000000000000e+00
7.000000000000000666e-02
4.000000000000000222e-01
9.100000000000000311e-01
1.560000000000000053e+00
2.310000000000000053e+00
3.060000000000000053e+00
3.759999999999999787e+00
4.839999999999999858e+00
4.750000000000000000e+00
3.700000000000000178e+00
2.149999999999999911e+00
7.099999999999999645e-01
0.000000000000000000e+00
2.999999999999999889e-01
1.489999999999999991e+00
3.080000000000000071e+00
4.400000000000000355e+00
4.919999999999999929e+00
4.429999999999999716e+00
3.109999999999999876e+00
1.520000000000000018e+00
3.200000000000000067e-01
0.000000000000000000e+00
6.899999999999999467e-01
2.120000000000000107e+00
3.680000000000000160e+00
4.730000000000000426e+00
4.849999999999999645e+00
3.979999999999999982e+00
2.459999999999999964e+00
9.599999999999999645e-01
5.999999999999999778e-02
1.600000000000000033e-01
1.209999999999999964e+00
2.770000000000000018e+00
4.190000000000000391e+00
4.919999999999999929e+00
4.599999999999999645e+00
3.410000000000000142e+00
1.830000000000000071e+00
5.000000000000000000e-01
0.000000000000000000e+00
4.799999999999999822e-01
1.800000000000000044e+00
3.399999999999999911e+00
4.589999999999999858e+00
4.900000000000000355e+00
4.219999999999999751e+00
2.779999999999999805e+00
1.219999999999999973e+00
1.700000000000000122e-01
5.999999999999999778e-02
9.399999999999999467e-01
2.450000000000000178e+00
3.950000000000000178e+00
4.860000000000000320e+00
4.740000000000000213e+00
3.700000000000000178e+00
2.140000000000000124e+00
7.099999999999999645e-01
0.000000000000000000e+00
3.099999999999999978e-01
1.500000000000000000e+00
3.100000000000000089e+00
4.419999999999999929e+00
4.929999999999999716e+00
4.429999999999999716e+00
3.089999999999999858e+00
1.510000000000000009e+00
3.099999999999999978e-01
0.000000000000000000e+00
6.999999999999999556e-01
2.129999999999999893e+00
3.700000000000000178e+00
4.740000000000000213e+00
4.839999999999999858e+00
3.959999999999999964e+00
2.450000000000000178e+00
9.499999999999999556e-01
5.999999999999999778e-02
1.700000000000000122e-01
1.219999999999999973e+00
2.779999999999999805e+00
4.200000000000000178e+00
4.910000000000000142e+00
4.589999999999999858e+00
3.390000000000000124e+00
1.800000000000000044e+00
4.899999999999999911e-01
0.000000000000000000e+00
4.899999999999999911e-01
1.820000000000000062e+00
3.410000000000000142e+00
4.599999999999999645e+00
4.900000000000000355e+00
