0.000000000000000000e+00
2.029999999999999805e+00
4.219999999999999751e+00
8.999999999999999667e-02
4.629999999999999893e+00
1.360000000000000098e+00
2.029999999999999805e+00
4.490000000000000213e+00
0.000000000000000000e+00
1.820000000000000062e+00
4.370000000000000107e+00
0.000000000000000000e+00
2.009999999999999787e+00
4.500000000000000000e+00
2.000000000000000042e-02
3.430000000000000160e+00
2.990000000000000213e+00
5.999999999999999778e-01
4.919999999999999929e+00
3.200000000000000067e-01
3.430000000000000160e+00
2.990000000000000213e+00
5.999999999999999778e-01
4.849999999999999645e+00
8.599999999999999867e-01
2.209999999999999964e+00
4.089999999999999858e+00
0.000000000000000000e+00
2.000000000000000000e+00
4.700000000000000178e+00
1.499999999999999944e-01
3.419999999999999929e+00
3.009999999999999787e+00
5.899999999999999689e-01
4.910000000000000142e+00
1.499999999999999944e-01
3.790000000000000036e+00
2.600000000000000089e+00
5.899999999999999689e-01
4.910000000000000142e+00
5.799999999999999600e-01
2.609999999999999876e+00
3.770000000000000018e+00
1.499999999999999944e-01
4.709999999999999964e+00
1.209999999999999964e+00
2.200000000000000178e+00
4.379999999999999893e+00
0.000000000000000000e+00
2.399999999999999911e+00
3.950000000000000178e+00
2.300000000000000100e-01
4.780000000000000249e+00
1.040000000000000036e+00
1.979999999999999982e+00
4.259999999999999787e+00
0.000000000000000000e+00
2.169999999999999929e+00
4.120000000000000107e+00
2.000000000000000042e-02
4.240000000000000213e+00
2.009999999999999787e+00
1.020000000000000018e+00
4.889999999999999680e+00
2.399999999999999911e-01
3.569999999999999840e+00
2.839999999999999858e+00
1.020000000000000018e+00
4.889999999999999680e+00
2.500000000000000000e-01
3.180000000000000160e+00
3.250000000000000000e+00
4.299999999999999933e-01
4.879999999999999893e+00
1.060000000000000053e+00
1.949999999999999956e+00
4.280000000000000249e+00
0.000000000000000000e+00
2.149999999999999911e+00
3.810000000000000053e+00
3.099999999999999978e-01
4.910000000000000142e+00
3.599999999999999867e-01
2.970000000000000195e+00
3.459999999999999964e+00
3.099999999999999978e-01
4.830000000000000071e+00
9.200000000000000400e-01
2.140000000000000124e+00
4.139999999999999680e+00
2.000000000000000042e-02
4.209999999999999964e+00
2.040000000000000036e+00
9.899999999999999911e-01
4.799999999999999822e+00
1.000000000000000056e-01
3.540000000000000036e+00
2.459999999999999964e+00
9.899999999999999911e-01
4.900000000000000355e+00
