2.020000000000000018e+00
2.020000000000000018e+00
0.000000000000000000e+00
3.729999999999999982e+00
4.879999999999999893e+00
3.500000000000000000e+00
5.200000000000000178e-01
5.000000000000000000e-01
3.470000000000000195e+00
4.900000000000000355e+00
3.759999999999999787e+00
1.040000000000000036e+00
1.499999999999999944e-01
2.790000000000000036e+00
4.690000000000000391e+00
4.299999999999999822e+00
1.290000000000000036e+00
0.000000000000000000e+00
4.320000000000000284e+00
4.679999999999999716e+00
2.759999999999999787e+00
5.500000000000000444e-01
4.600000000000000200e-01
3.419999999999999929e+00
4.919999999999999929e+00
3.439999999999999947e+00
7.600000000000000089e-01
1.300000000000000044e-01
2.729999999999999982e+00
4.820000000000000284e+00
4.040000000000000036e+00
9.799999999999999822e-01
4.000000000000000083e-02
2.850000000000000089e+00
4.849999999999999645e+00
3.950000000000000178e+00
1.229999999999999982e+00
0.000000000000000000e+00
4.070000000000000284e+00
4.650000000000000355e+00
2.279999999999999805e+00
1.100000000000000006e-01
1.110000000000000098e+00
3.830000000000000071e+00
4.919999999999999929e+00
3.379999999999999893e+00
7.099999999999999645e-01
3.400000000000000244e-01
3.200000000000000178e+00
4.910000000000000142e+00
3.649999999999999911e+00
9.300000000000000488e-01
2.000000000000000111e-01
3.310000000000000053e+00
4.870000000000000107e+00
3.899999999999999911e+00
8.399999999999999689e-01
2.500000000000000000e-01
3.029999999999999805e+00
4.929999999999999716e+00
3.790000000000000036e+00
1.080000000000000071e+00
1.400000000000000133e-01
2.750000000000000000e+00
4.820000000000000284e+00
4.040000000000000036e+00
1.320000000000000062e+00
0.000000000000000000e+00
4.290000000000000036e+00
4.700000000000000178e+00
1.969999999999999973e+00
2.999999999999999889e-02
1.379999999999999893e+00
4.080000000000000071e+00
4.639999999999999680e+00
2.259999999999999787e+00
1.100000000000000006e-01
7.900000000000000355e-01
3.479999999999999982e+00
4.919999999999999929e+00
3.370000000000000107e+00
6.999999999999999556e-01
5.899999999999999689e-01
3.209999999999999964e+00
4.839999999999999858e+00
3.979999999999999982e+00
1.270000000000000018e+00
0.000000000000000000e+00
4.330000000000000071e+00
4.820000000000000284e+00
2.740000000000000213e+00
2.999999999999999889e-01
1.080000000000000071e+00
4.129999999999999893e+00
4.900000000000000355e+00
3.029999999999999805e+00
2.500000000000000000e-01
8.399999999999999689e-01
3.899999999999999911e+00
4.759999999999999787e+00
