1.939999999999999947e+00
4.209999999999999964e+00
4.860000000000000320e+00
3.290000000000000036e+00
9.399999999999999467e-01
0.000000000000000000e+00
1.300000000000000044e+00
3.680000000000000160e+00
4.919999999999999929e+00
3.890000000000000124e+00
1.520000000000000018e+00
2.000000000000000042e-02
1.439999999999999947e+00
4.429999999999999716e+00
4.330000000000000071e+00
1.300000000000000044e+00
5.999999999999999778e-02
2.549999999999999822e+00
4.879999999999999893e+00
3.419999999999999929e+00
4.500000000000000111e-01
5.999999999999999778e-01
3.640000000000000124e+00
4.830000000000000071e+00
2.310000000000000053e+00
1.000000000000000021e-02
1.520000000000000018e+00
4.480000000000000426e+00
4.280000000000000249e+00
1.229999999999999982e+00
8.000000000000000167e-02
2.629999999999999893e+00
4.900000000000000355e+00
3.350000000000000089e+00
4.099999999999999756e-01
6.500000000000000222e-01
3.709999999999999964e+00
4.799999999999999822e+00
2.240000000000000213e+00
0.000000000000000000e+00
1.590000000000000080e+00
4.519999999999999574e+00
4.230000000000000426e+00
1.159999999999999920e+00
1.100000000000000006e-01
2.709999999999999964e+00
4.910000000000000142e+00
3.270000000000000018e+00
3.599999999999999867e-01
6.999999999999999556e-01
3.770000000000000018e+00
4.780000000000000249e+00
2.160000000000000142e+00
0.000000000000000000e+00
1.659999999999999920e+00
4.570000000000000284e+00
4.169999999999999929e+00
1.090000000000000080e+00
1.400000000000000133e-01
2.790000000000000036e+00
4.919999999999999929e+00
3.200000000000000178e+00
3.099999999999999978e-01
7.600000000000000089e-01
3.839999999999999858e+00
4.750000000000000000e+00
2.080000000000000071e+00
0.000000000000000000e+00
1.739999999999999991e+00
4.599999999999999645e+00
4.110000000000000320e+00
1.030000000000000027e+00
1.600000000000000033e-01
2.870000000000000107e+00
4.919999999999999929e+00
3.120000000000000107e+00
2.800000000000000266e-01
8.199999999999999512e-01
3.910000000000000142e+00
4.719999999999999751e+00
2.000000000000000000e+00
0.000000000000000000e+00
1.810000000000000053e+00
4.639999999999999680e+00
4.059999999999999609e+00
9.599999999999999645e-01
2.000000000000000111e-01
2.950000000000000178e+00
4.929999999999999716e+00
3.049999999999999822e+00
2.399999999999999911e-01
8.800000000000000044e-01
3.970000000000000195e+00
4.690000000000000391e+00
1.919999999999999929e+00
0.000000000000000000e+00
1.889999999999999902e+00
4.679999999999999716e+00
3.990000000000000213e+00
9.100000000000000311e-01
