3.629999999999999893e+00
3.859999999999999876e+00
4.519999999999999574e+00
4.650000000000000355e+00
4.769999999999999574e+00
4.839999999999999858e+00
4.900000000000000355e+00
4.799999999999999822e+00
4.870000000000000107e+00
4.910000000000000142e+00
4.929999999999999716e+00
4.910000000000000142e+00
4.860000000000000320e+00
4.790000000000000036e+00
4.700000000000000178e+00
4.830000000000000071e+00
4.750000000000000000e+00
4.639999999999999680e+00
4.509999999999999787e+00
3.839999999999999858e+00
2.959999999999999964e+00
2.700000000000000178e+00
3.120000000000000107e+00
2.850000000000000089e+00
2.589999999999999858e+00
2.319999999999999840e+00
2.060000000000000053e+00
2.490000000000000213e+00
2.209999999999999964e+00
1.949999999999999956e+00
1.070000000000000062e+00
1.439999999999999947e+00
1.199999999999999956e+00
1.590000000000000080e+00
1.340000000000000080e+00
1.110000000000000098e+00
8.900000000000000133e-01
1.239999999999999991e+00
1.629999999999999893e+00
1.379999999999999893e+00
1.149999999999999911e+00
9.300000000000000488e-01
7.299999999999999822e-01
1.060000000000000053e+00
1.429999999999999938e+00
1.189999999999999947e+00
1.570000000000000062e+00
1.330000000000000071e+00
5.799999999999999600e-01
8.800000000000000044e-01
1.239999999999999991e+00
1.620000000000000107e+00
1.370000000000000107e+00
6.099999999999999867e-01
9.200000000000000400e-01
1.280000000000000027e+00
1.050000000000000044e+00
2.080000000000000071e+00
1.820000000000000062e+00
9.599999999999999645e-01
1.320000000000000062e+00
1.090000000000000080e+00
1.459999999999999964e+00
1.229999999999999982e+00
1.000000000000000000e+00
1.360000000000000098e+00
1.129999999999999893e+00
1.510000000000000009e+00
1.270000000000000018e+00
1.040000000000000036e+00
1.409999999999999920e+00
1.169999999999999929e+00
1.550000000000000044e+00
1.310000000000000053e+00
1.090000000000000080e+00
8.699999999999999956e-01
6.700000000000000400e-01
9.899999999999999911e-01
1.360000000000000098e+00
1.120000000000000107e+00
9.000000000000000222e-01
1.260000000000000009e+00
1.030000000000000027e+00
1.399999999999999911e+00
1.800000000000000044e+00
2.209999999999999964e+00
1.959999999999999964e+00
1.080000000000000071e+00
1.449999999999999956e+00
1.209999999999999964e+00
9.799999999999999822e-01
1.340000000000000080e+00
1.110000000000000098e+00
9.000000000000000222e-01
1.899999999999999911e+00
2.319999999999999840e+00
2.049999999999999822e+00
2.470000000000000195e+00
2.209999999999999964e+00
1.300000000000000044e+00
