2.300000000000000100e-01
3.020000000000000018e+00
4.929999999999999716e+00
2.979999999999999982e+00
2.099999999999999922e-01
9.399999999999999467e-01
4.030000000000000249e+00
4.650000000000000355e+00
1.850000000000000089e+00
0.000000000000000000e+00
1.969999999999999973e+00
4.709999999999999964e+00
4.200000000000000178e+00
3.970000000000000195e+00
3.300000000000000155e-01
1.469999999999999973e+00
4.820000000000000284e+00
2.850000000000000089e+00
0.000000000000000000e+00
2.669999999999999929e+00
4.870000000000000107e+00
1.629999999999999893e+00
2.399999999999999911e-01
3.830000000000000071e+00
4.330000000000000071e+00
6.199999999999999956e-01
1.040000000000000036e+00
4.639999999999999680e+00
3.319999999999999840e+00
4.000000000000000083e-02
2.180000000000000160e+00
4.919999999999999929e+00
2.100000000000000089e+00
5.999999999999999778e-02
3.390000000000000124e+00
4.599999999999999645e+00
9.699999999999999734e-01
6.700000000000000400e-01
4.370000000000000107e+00
3.750000000000000000e+00
2.099999999999999922e-01
1.709999999999999964e+00
4.879999999999999893e+00
2.589999999999999858e+00
0.000000000000000000e+00
2.930000000000000160e+00
4.799999999999999822e+00
1.389999999999999902e+00
3.699999999999999956e-01
4.030000000000000249e+00
4.139999999999999680e+00
4.500000000000000111e-01
1.260000000000000009e+00
4.750000000000000000e+00
3.069999999999999840e+00
0.000000000000000000e+00
2.439999999999999947e+00
4.910000000000000142e+00
1.850000000000000089e+00
1.499999999999999944e-01
3.629999999999999893e+00
4.459999999999999964e+00
7.700000000000000178e-01
8.599999999999999867e-01
4.530000000000000249e+00
3.529999999999999805e+00
1.100000000000000006e-01
1.959999999999999964e+00
4.919999999999999929e+00
2.330000000000000071e+00
1.000000000000000021e-02
3.189999999999999947e+00
4.700000000000000178e+00
1.159999999999999920e+00
5.200000000000000178e-01
4.219999999999999751e+00
3.939999999999999947e+00
3.099999999999999978e-01
1.489999999999999991e+00
4.830000000000000071e+00
2.819999999999999840e+00
0.000000000000000000e+00
2.709999999999999964e+00
4.860000000000000320e+00
1.600000000000000089e+00
2.500000000000000000e-01
3.850000000000000089e+00
4.309999999999999609e+00
5.899999999999999689e-01
1.060000000000000053e+00
4.650000000000000355e+00
3.290000000000000036e+00
2.999999999999999889e-02
2.209999999999999964e+00
4.919999999999999929e+00
2.069999999999999840e+00
7.000000000000000666e-02
3.430000000000000160e+00
4.580000000000000071e+00
9.499999999999999556e-01
