6.899999999999999467e-01
4.400000000000000355e+00
3.729999999999999982e+00
2.000000000000000111e-01
1.739999999999999991e+00
4.889999999999999680e+00
2.560000000000000053e+00
0.000000000000000000e+00
2.959999999999999964e+00
4.790000000000000036e+00
1.360000000000000098e+00
3.800000000000000044e-01
3.350000000000000089e+00
4.099999999999999645e+00
5.000000000000000278e-02
2.990000000000000213e+00
4.360000000000000320e+00
1.799999999999999933e-01
2.609999999999999876e+00
4.580000000000000071e+00
3.699999999999999956e-01
2.220000000000000195e+00
4.750000000000000000e+00
5.999999999999999778e-01
1.840000000000000080e+00
4.870000000000000107e+00
8.699999999999999956e-01
1.469999999999999973e+00
4.919999999999999929e+00
1.179999999999999938e+00
1.139999999999999902e+00
4.910000000000000142e+00
1.520000000000000018e+00
8.299999999999999600e-01
4.849999999999999645e+00
1.889999999999999902e+00
5.600000000000000533e-01
4.730000000000000426e+00
2.270000000000000018e+00
3.400000000000000244e-01
4.559999999999999609e+00
2.649999999999999911e+00
1.600000000000000033e-01
4.330000000000000071e+00
3.029999999999999805e+00
4.000000000000000083e-02
4.059999999999999609e+00
3.399999999999999911e+00
0.000000000000000000e+00
3.750000000000000000e+00
3.740000000000000213e+00
0.000000000000000000e+00
3.410000000000000142e+00
4.049999999999999822e+00
4.000000000000000083e-02
3.040000000000000036e+00
4.330000000000000071e+00
1.600000000000000033e-01
2.669999999999999929e+00
4.559999999999999609e+00
3.300000000000000155e-01
2.279999999999999805e+00
4.719999999999999751e+00
5.600000000000000533e-01
1.899999999999999911e+00
4.849999999999999645e+00
8.199999999999999512e-01
1.530000000000000027e+00
4.910000000000000142e+00
1.129999999999999893e+00
1.189999999999999947e+00
4.919999999999999929e+00
1.469999999999999973e+00
8.800000000000000044e-01
4.870000000000000107e+00
1.830000000000000071e+00
5.999999999999999778e-01
4.750000000000000000e+00
2.209999999999999964e+00
3.699999999999999956e-01
4.589999999999999858e+00
2.600000000000000089e+00
1.900000000000000022e-01
4.360000000000000320e+00
2.970000000000000195e+00
5.999999999999999778e-02
4.099999999999999645e+00
3.339999999999999858e+00
0.000000000000000000e+00
3.799999999999999822e+00
3.689999999999999947e+00
0.000000000000000000e+00
3.470000000000000195e+00
4.009999999999999787e+00
2.999999999999999889e-02
3.100000000000000089e+00
4.280000000000000249e+00
1.400000000000000133e-01
2.729999999999999982e+00
4.519999999999999574e+00
