4.570000000000000284e+00
5.899999999999999689e-01
4.620000000000000107e+00
8.000000000000000167e-02
4.320000000000000284e+00
9.699999999999999734e-01
2.520000000000000018e+00
2.910000000000000142e+00
1.479999999999999982e+00
3.890000000000000124e+00
6.199999999999999956e-01
4.900000000000000355e+00
0.000000000000000000e+00
2.700000000000000178e-01
4.830000000000000071e+00
0.000000000000000000e+00
4.500000000000000111e-01
4.709999999999999964e+00
3.900000000000000133e-01
4.919999999999999929e+00
5.000000000000000278e-02
3.259999999999999787e+00
2.160000000000000142e+00
2.209999999999999964e+00
3.220000000000000195e+00
1.199999999999999956e+00
4.700000000000000178e+00
1.000000000000000021e-02
4.200000000000000178e+00
1.110000000000000098e+00
3.299999999999999822e+00
2.109999999999999876e+00
3.209999999999999964e+00
2.209999999999999964e+00
2.160000000000000142e+00
3.259999999999999787e+00
1.159999999999999920e+00
4.709999999999999964e+00
2.999999999999999889e-02
4.160000000000000142e+00
1.159999999999999920e+00
2.299999999999999822e+00
3.979999999999999982e+00
5.400000000000000355e-01
4.650000000000000355e+00
5.000000000000000278e-02
4.769999999999999574e+00
3.599999999999999867e-01
3.399999999999999911e+00
2.979999999999999982e+00
1.419999999999999929e+00
3.939999999999999947e+00
5.799999999999999600e-01
4.910000000000000142e+00
0.000000000000000000e+00
0.000000000000000000e+00
5.999999999999999778e-02
4.280000000000000249e+00
1.030000000000000027e+00
2.450000000000000178e+00
2.979999999999999982e+00
1.419999999999999929e+00
3.080000000000000071e+00
1.320000000000000062e+00
4.019999999999999574e+00
7.000000000000000666e-02
4.299999999999999822e+00
1.879999999999999893e+00
2.500000000000000000e+00
3.819999999999999840e+00
6.700000000000000400e-01
4.889999999999999680e+00
2.200000000000000011e-01
3.669999999999999929e+00
1.729999999999999982e+00
3.569999999999999840e+00
1.830000000000000071e+00
3.479999999999999982e+00
1.050000000000000044e+00
2.439999999999999947e+00
3.000000000000000000e+00
6.300000000000000044e-01
4.900000000000000355e+00
2.500000000000000000e-01
3.600000000000000089e+00
2.750000000000000000e+00
1.629999999999999893e+00
3.750000000000000000e+00
7.299999999999999822e-01
4.509999999999999787e+00
6.600000000000000311e-01
4.570000000000000284e+00
5.899999999999999689e-01
4.900000000000000355e+00
2.700000000000000178e-01
3.560000000000000053e+00
1.840000000000000080e+00
2.540000000000000036e+00
2.899999999999999911e+00
6.899999999999999467e-01
