0.000000000000000000e+00
4.110000000000000320e+00
2.500000000000000000e+00
7.299999999999999822e-01
4.919999999999999929e+00
5.699999999999999512e-01
2.740000000000000213e+00
3.919999999999999929e+00
2.000000000000000042e-02
4.540000000000000036e+00
1.840000000000000080e+00
1.260000000000000009e+00
4.530000000000000249e+00
1.070000000000000062e+00
2.910000000000000142e+00
2.990000000000000213e+00
1.010000000000000009e+00
4.570000000000000284e+00
0.000000000000000000e+00
4.830000000000000071e+00
5.200000000000000178e-01
3.629999999999999893e+00
2.240000000000000213e+00
1.679999999999999938e+00
4.089999999999999858e+00
2.200000000000000011e-01
4.919999999999999929e+00
1.400000000000000133e-01
4.230000000000000426e+00
1.500000000000000000e+00
2.430000000000000160e+00
3.450000000000000178e+00
6.400000000000000133e-01
4.780000000000000249e+00
0.000000000000000000e+00
4.660000000000000142e+00
8.599999999999999867e-01
3.180000000000000160e+00
2.720000000000000195e+00
1.239999999999999991e+00
4.419999999999999929e+00
5.000000000000000278e-02
4.900000000000000355e+00
3.599999999999999867e-01
3.859999999999999876e+00
1.959999999999999964e+00
1.949999999999999956e+00
3.870000000000000107e+00
3.499999999999999778e-01
4.910000000000000142e+00
5.999999999999999778e-02
4.400000000000000355e+00
1.260000000000000009e+00
2.700000000000000178e+00
3.200000000000000178e+00
8.399999999999999689e-01
4.669999999999999929e+00
0.000000000000000000e+00
4.769999999999999574e+00
6.600000000000000311e-01
3.430000000000000160e+00
2.450000000000000178e+00
1.479999999999999982e+00
4.240000000000000213e+00
1.400000000000000133e-01
4.929999999999999716e+00
2.300000000000000100e-01
4.070000000000000284e+00
1.699999999999999956e+00
2.209999999999999964e+00
3.640000000000000124e+00
5.000000000000000000e-01
4.839999999999999858e+00
0.000000000000000000e+00
4.559999999999999609e+00
1.020000000000000018e+00
2.970000000000000195e+00
2.930000000000000160e+00
1.060000000000000053e+00
4.540000000000000036e+00
1.000000000000000021e-02
4.839999999999999858e+00
4.799999999999999822e-01
3.680000000000000160e+00
2.169999999999999929e+00
1.739999999999999991e+00
4.040000000000000036e+00
2.399999999999999911e-01
4.919999999999999929e+00
1.199999999999999956e-01
4.269999999999999574e+00
1.449999999999999956e+00
2.479999999999999982e+00
3.399999999999999911e+00
6.700000000000000400e-01
4.759999999999999787e+00
0.000000000000000000e+00
4.679999999999999716e+00
8.199999999999999512e-01
3.229999999999999982e+00
