9.200000000000000400e-01
0.000000000000000000e+00
2.439999999999999947e+00
0.000000000000000000e+00
2.990000000000000213e+00
0.000000000000000000e+00
1.340000000000000080e+00
1.300000000000000044e-01
3.029999999999999805e+00
4.900000000000000355e+00
3.500000000000000000e+00
1.100000000000000089e+00
0.000000000000000000e+00
2.669999999999999929e+00
2.000000000000000042e-02
1.400000000000000133e-01
1.969999999999999973e+00
4.820000000000000284e+00
3.459999999999999964e+00
2.999999999999999889e-01
0.000000000000000000e+00
2.609999999999999876e+00
1.000000000000000021e-02
7.800000000000000266e-01
4.080000000000000071e+00
4.480000000000000426e+00
1.280000000000000027e+00
1.600000000000000033e-01
2.009999999999999787e+00
4.290000000000000036e+00
4.299999999999999822e+00
2.040000000000000036e+00
1.600000000000000033e-01
4.400000000000000022e-01
2.609999999999999876e+00
4.919999999999999929e+00
2.839999999999999858e+00
7.000000000000000666e-02
6.199999999999999956e-01
3.899999999999999911e+00
4.599999999999999645e+00
1.489999999999999991e+00
8.000000000000000167e-02
8.100000000000000533e-01
3.140000000000000124e+00
4.889999999999999680e+00
2.310000000000000053e+00
0.000000000000000000e+00
2.839999999999999858e+00
5.999999999999999778e-02
8.000000000000000167e-02
8.299999999999999600e-01
3.160000000000000142e+00
4.870000000000000107e+00
1.239999999999999991e+00
1.700000000000000122e-01
3.140000000000000124e+00
4.459999999999999964e+00
1.250000000000000000e+00
1.700000000000000122e-01
2.040000000000000036e+00
4.299999999999999822e+00
4.820000000000000284e+00
2.040000000000000036e+00
1.700000000000000122e-01
4.299999999999999933e-01
2.589999999999999858e+00
4.919999999999999929e+00
1.780000000000000027e+00
1.000000000000000021e-02
1.489999999999999991e+00
4.610000000000000320e+00
2.890000000000000124e+00
8.000000000000000167e-02
7.000000000000000666e-02
7.900000000000000355e-01
3.120000000000000107e+00
4.889999999999999680e+00
2.339999999999999858e+00
0.000000000000000000e+00
2.859999999999999876e+00
7.000000000000000666e-02
7.000000000000000666e-02
8.000000000000000444e-01
3.129999999999999893e+00
4.469999999999999751e+00
1.270000000000000018e+00
1.600000000000000033e-01
2.009999999999999787e+00
4.269999999999999574e+00
4.320000000000000284e+00
1.050000000000000044e+00
0.000000000000000000e+00
2.609999999999999876e+00
1.000000000000000021e-02
1.600000000000000033e-01
2.009999999999999787e+00
4.269999999999999574e+00
4.320000000000000284e+00
1.050000000000000044e+00
