   0.0000000000000000e+00   6.7700000000000000e+02
   1.0000000000000000e+00   1.0010000000000000e+03
   2.0000000000000000e+00   6.5400000000000000e+02
   3.0000000000000000e+00   1.3300000000000000e+02
   4.0000000000000000e+00   3.9000000000000000e+01
   5.0000000000000000e+00   4.1000000000000000e+02
   6.0000000000000000e+00   9.1000000000000000e+02
   7.0000000000000000e+00   9.2800000000000000e+02
   8.0000000000000000e+00   4.4600000000000000e+02
   9.0000000000000000e+00   2.6000000000000000e+01
   1.0000000000000000e+01   8.6000000000000000e+01
   1.1000000000000000e+01   4.9400000000000000e+02
   1.2000000000000000e+01   9.5000000000000000e+02
   1.3000000000000000e+01   8.8000000000000000e+02
   1.4000000000000000e+01   3.6500000000000000e+02
   1.5000000000000000e+01   0.0000000000000000e+00
   1.6000000000000000e+01   9.4000000000000000e+01
   1.7000000000000000e+01   5.0800000000000000e+02
   1.8000000000000000e+01   9.5600000000000000e+02
   1.9000000000000000e+01   8.6800000000000000e+02
   2.0000000000000000e+01   3.5200000000000000e+02
   2.1000000000000000e+01   3.0000000000000000e+00
   2.2000000000000000e+01   8.3000000000000000e+01
   2.3000000000000000e+01   4.8600000000000000e+02
   2.4000000000000000e+01   9.6200000000000000e+02
   2.5000000000000000e+01   8.4900000000000000e+02
   2.6000000000000000e+01   3.2200000000000000e+02
   2.7000000000000000e+01   0.0000000000000000e+00
   2.8000000000000000e+01   1.0200000000000000e+02
   2.9000000000000000e+01   6.0500000000000000e+02
   3.0000000000000000e+01   9.9000000000000000e+02
   3.1000000000000000e+01   8.1200000000000000e+02
   3.2000000000000000e+01   2.7700000000000000e+02
   3.3000000000000000e+01   0.0000000000000000e+00
   3.4000000000000000e+01   1.3300000000000000e+02
   3.5000000000000000e+01   6.8500000000000000e+02
   3.6000000000000000e+01   9.9700000000000000e+02
   3.7000000000000000e+01   7.4000000000000000e+02
   3.8000000000000000e+01   2.0400000000000000e+02
   3.9000000000000000e+01   3.0000000000000000e+00
   4.0000000000000000e+01   2.0900000000000000e+02
   4.1000000000000000e+01   7.6000000000000000e+02
   4.2000000000000000e+01   9.9900000000000000e+02
   4.3000000000000000e+01   6.4600000000000000e+02
   4.4000000000000000e+01   1.1600000000000000e+02
   4.5000000000000000e+01   4.9000000000000000e+01
   4.6000000000000000e+01   4.3400000000000000e+02
   4.7000000000000000e+01   9.2100000000000000e+02
   4.8000000000000000e+01   9.2500000000000000e+02
   4.9000000000000000e+01   4.2300000000000000e+02
   5.0000000000000000e+01   1.8000000000000000e+01
   5.1000000000000000e+01   1.0200000000000000e+02
   5.2000000000000000e+01   6.0700000000000000e+02
   5.3000000000000000e+01   9.9200000000000000e+02
   5.4000000000000000e+01   7.8000000000000000e+02
   5.5000000000000000e+01   2.4400000000000000e+02
   5.6000000000000000e+01   1.0000000000000000e+00
   5.7000000000000000e+01   1.8600000000000000e+02
   5.8000000000000000e+01   7.2000000000000000e+02
   5.9000000000000000e+01   1.0040000000000000e+03
   6.0000000000000000e+01   6.0700000000000000e+02
   6.1000000000000000e+01   1.0400000000000000e+02
   6.2000000000000000e+01   5.2000000000000000e+01
   6.3000000000000000e+01   4.2400000000000000e+02
   6.4000000000000000e+01   9.1600000000000000e+02
   6.5000000000000000e+01   9.1800000000000000e+02
   6.6000000000000000e+01   4.1700000000000000e+02
   6.7000000000000000e+01   1.6000000000000000e+01
   6.8000000000000000e+01   1.1800000000000000e+02
   6.9000000000000000e+01   6.3000000000000000e+02
   7.0000000000000000e+01   9.9200000000000000e+02
   7.1000000000000000e+01   7.8900000000000000e+02
   7.2000000000000000e+01   2.5400000000000000e+02
   7.3000000000000000e+01   0.0000000000000000e+00
   7.4000000000000000e+01   1.6400000000000000e+02
   7.5000000000000000e+01   6.9500000000000000e+02
   7.6000000000000000e+01   1.0000000000000000e+03
   7.7000000000000000e+01   6.3500000000000000e+02
   7.8000000000000000e+01   1.0900000000000000e+02
   7.9000000000000000e+01   5.4000000000000000e+01
   8.0000000000000000e+01   4.3100000000000000e+02
   8.1000000000000000e+01   9.1800000000000000e+02
   8.2000000000000000e+01   9.2800000000000000e+02
   8.3000000000000000e+01   4.4500000000000000e+02
   8.4000000000000000e+01   2.5000000000000000e+01
   8.5000000000000000e+01   8.8000000000000000e+01
   8.6000000000000000e+01   4.9600000000000000e+02
   8.7000000000000000e+01   9.5100000000000000e+02
   8.8000000000000000e+01   8.8900000000000000e+02
   8.9000000000000000e+01   3.6200000000000000e+02
   9.0000000000000000e+01   0.0000000000000000e+00
   9.1000000000000000e+01   8.8000000000000000e+01
   9.2000000000000000e+01   4.9500000000000000e+02
   9.3000000000000000e+01   9.5100000000000000e+02
   9.4000000000000000e+01   8.9000000000000000e+02
   9.5000000000000000e+01   3.8200000000000000e+02
   9.6000000000000000e+01   5.0000000000000000e+00
   9.7000000000000000e+01   7.5000000000000000e+01
   9.8000000000000000e+01   4.8900000000000000e+02
   9.9000000000000000e+01   9.6400000000000000e+02
