   0.0000000000000000e+00   1.8800000000000000e+02
   1.0000000000000000e+00   1.6000000000000000e+01
   2.0000000000000000e+00   1.7000000000000000e+01
   3.0000000000000000e+00   1.6600000000000000e+02
   4.0000000000000000e+00   4.6800000000000000e+02
   5.0000000000000000e+00   7.7700000000000000e+02
   6.0000000000000000e+00   9.7300000000000000e+02
   7.0000000000000000e+00   9.7800000000000000e+02
   8.0000000000000000e+00   7.9200000000000000e+02
   9.0000000000000000e+00   4.8900000000000000e+02
   1.0000000000000000e+01   1.8900000000000000e+02
   1.1000000000000000e+01   1.4000000000000000e+01
   1.2000000000000000e+01   1.7000000000000000e+01
   1.3000000000000000e+01   1.5800000000000000e+02
   1.4000000000000000e+01   4.5900000000000000e+02
   1.5000000000000000e+01   7.7500000000000000e+02
   1.6000000000000000e+01   9.7000000000000000e+02
   1.7000000000000000e+01   9.8000000000000000e+02
   1.8000000000000000e+01   7.9100000000000000e+02
   1.9000000000000000e+01   4.7500000000000000e+02
   2.0000000000000000e+01   1.8100000000000000e+02
   2.1000000000000000e+01   9.0000000000000000e+00
   2.2000000000000000e+01   8.0000000000000000e+00
   2.3000000000000000e+01   9.3000000000000000e+01
   2.4000000000000000e+01   3.1200000000000000e+02
   2.5000000000000000e+01   6.2500000000000000e+02
   2.6000000000000000e+01   8.9500000000000000e+02
   2.7000000000000000e+01   9.9800000000000000e+02
   2.8000000000000000e+01   9.0500000000000000e+02
   2.9000000000000000e+01   6.4600000000000000e+02
   3.0000000000000000e+01   3.1600000000000000e+02
   3.1000000000000000e+01   7.4000000000000000e+01
   3.2000000000000000e+01   0.0000000000000000e+00
   3.3000000000000000e+01   3.8000000000000000e+01
   3.4000000000000000e+01   2.1400000000000000e+02
   3.5000000000000000e+01   5.3200000000000000e+02
   3.6000000000000000e+01   8.2600000000000000e+02
   3.7000000000000000e+01   9.9000000000000000e+02
   3.8000000000000000e+01   9.5700000000000000e+02
   3.9000000000000000e+01   7.4100000000000000e+02
   4.0000000000000000e+01   4.2600000000000000e+02
   4.1000000000000000e+01   1.3500000000000000e+02
   4.2000000000000000e+01   1.0000000000000000e+00
   4.3000000000000000e+01   2.1000000000000000e+01
   4.4000000000000000e+01   1.7600000000000000e+02
   4.5000000000000000e+01   4.9200000000000000e+02
   4.6000000000000000e+01   7.9400000000000000e+02
   4.7000000000000000e+01   9.7800000000000000e+02
   4.8000000000000000e+01   9.7300000000000000e+02
   4.9000000000000000e+01   7.7400000000000000e+02
   5.0000000000000000e+01   4.6500000000000000e+02
   5.1000000000000000e+01   1.7100000000000000e+02
   5.2000000000000000e+01   1.0000000000000000e+01
   5.3000000000000000e+01   2.5000000000000000e+01
   5.4000000000000000e+01   1.7500000000000000e+02
   5.5000000000000000e+01   4.9100000000000000e+02
   5.6000000000000000e+01   8.0500000000000000e+02
   5.7000000000000000e+01   9.8200000000000000e+02
   5.8000000000000000e+01   9.6900000000000000e+02
   5.9000000000000000e+01   7.5600000000000000e+02
   6.0000000000000000e+01   4.4600000000000000e+02
   6.1000000000000000e+01   1.5500000000000000e+02
   6.2000000000000000e+01   5.0000000000000000e+00
   6.3000000000000000e+01   1.9000000000000000e+01
   6.4000000000000000e+01   1.5300000000000000e+02
   6.5000000000000000e+01   4.6000000000000000e+02
   6.6000000000000000e+01   7.8000000000000000e+02
   6.7000000000000000e+01   9.8100000000000000e+02
   6.8000000000000000e+01   9.7300000000000000e+02
   6.9000000000000000e+01   7.7200000000000000e+02
   7.0000000000000000e+01   4.6400000000000000e+02
   7.1000000000000000e+01   1.7000000000000000e+02
   7.2000000000000000e+01   9.0000000000000000e+00
   7.3000000000000000e+01   8.0000000000000000e+00
   7.4000000000000000e+01   9.3000000000000000e+01
   7.5000000000000000e+01   3.0500000000000000e+02
   7.6000000000000000e+01   6.3100000000000000e+02
   7.7000000000000000e+01   8.9700000000000000e+02
   7.8000000000000000e+01   1.0020000000000000e+03
   7.9000000000000000e+01   8.6500000000000000e+02
   8.0000000000000000e+01   5.8400000000000000e+02
   8.1000000000000000e+01   2.7100000000000000e+02
   8.2000000000000000e+01   5.0000000000000000e+01
   8.3000000000000000e+01   0.0000000000000000e+00
   8.4000000000000000e+01   6.2000000000000000e+01
   8.5000000000000000e+01   2.5000000000000000e+02
   8.6000000000000000e+01   5.8400000000000000e+02
   8.7000000000000000e+01   8.6200000000000000e+02
   8.8000000000000000e+01   9.9600000000000000e+02
   8.9000000000000000e+01   9.3100000000000000e+02
   9.0000000000000000e+01   6.7900000000000000e+02
   9.1000000000000000e+01   3.6500000000000000e+02
   9.2000000000000000e+01   9.6000000000000000e+01
   9.3000000000000000e+01   0.0000000000000000e+00
   9.4000000000000000e+01   2.5000000000000000e+01
   9.5000000000000000e+01   1.7500000000000000e+02
   9.6000000000000000e+01   4.8000000000000000e+02
   9.7000000000000000e+01   7.8700000000000000e+02
   9.8000000000000000e+01   9.7800000000000000e+02
   9.9000000000000000e+01   9.7500000000000000e+02
