   0.0000000000000000e+00   7.8500000000000000e+02
   1.0000000000000000e+00   9.0000000000000000e+02
   2.0000000000000000e+00   9.7800000000000000e+02
   3.0000000000000000e+00   1.0040000000000000e+03
   4.0000000000000000e+00   9.6000000000000000e+02
   5.0000000000000000e+00   8.7100000000000000e+02
   6.0000000000000000e+00   7.3800000000000000e+02
   7.0000000000000000e+00   5.7900000000000000e+02
   8.0000000000000000e+00   4.1900000000000000e+02
   9.0000000000000000e+00   2.6500000000000000e+02
   1.0000000000000000e+01   1.3400000000000000e+02
   1.1000000000000000e+01   4.4000000000000000e+01
   1.2000000000000000e+01   4.0000000000000000e+00
   1.3000000000000000e+01   0.0000000000000000e+00
   1.4000000000000000e+01   1.5000000000000000e+01
   1.5000000000000000e+01   6.9000000000000000e+01
   1.6000000000000000e+01   1.5600000000000000e+02
   1.7000000000000000e+01   2.9100000000000000e+02
   1.8000000000000000e+01   4.4800000000000000e+02
   1.9000000000000000e+01   6.0800000000000000e+02
   2.0000000000000000e+01   7.6000000000000000e+02
   2.1000000000000000e+01   8.7900000000000000e+02
   2.2000000000000000e+01   9.6400000000000000e+02
   2.3000000000000000e+01   1.0010000000000000e+03
   2.4000000000000000e+01   9.7500000000000000e+02
   2.5000000000000000e+01   8.9900000000000000e+02
   2.6000000000000000e+01   7.7500000000000000e+02
   2.7000000000000000e+01   6.2500000000000000e+02
   2.8000000000000000e+01   4.6400000000000000e+02
   2.9000000000000000e+01   3.0600000000000000e+02
   3.0000000000000000e+01   1.7000000000000000e+02
   3.1000000000000000e+01   6.4000000000000000e+01
   3.2000000000000000e+01   1.3000000000000000e+01
   3.3000000000000000e+01   0.0000000000000000e+00
   3.4000000000000000e+01   1.0000000000000000e+01
   3.5000000000000000e+01   5.9000000000000000e+01
   3.6000000000000000e+01   1.4300000000000000e+02
   3.7000000000000000e+01   2.7300000000000000e+02
   3.8000000000000000e+01   4.2600000000000000e+02
   3.9000000000000000e+01   5.9300000000000000e+02
   4.0000000000000000e+01   7.5100000000000000e+02
   4.1000000000000000e+01   8.7500000000000000e+02
   4.2000000000000000e+01   9.5900000000000000e+02
   4.3000000000000000e+01   1.0030000000000000e+03
   4.4000000000000000e+01   9.8100000000000000e+02
   4.5000000000000000e+01   9.0900000000000000e+02
   4.6000000000000000e+01   7.9200000000000000e+02
   4.7000000000000000e+01   6.4200000000000000e+02
   4.8000000000000000e+01   4.7400000000000000e+02
   4.9000000000000000e+01   3.1800000000000000e+02
   5.0000000000000000e+01   1.7800000000000000e+02
   5.1000000000000000e+01   7.3000000000000000e+01
   5.2000000000000000e+01   1.6000000000000000e+01
   5.3000000000000000e+01   0.0000000000000000e+00
   5.4000000000000000e+01   6.0000000000000000e+00
   5.5000000000000000e+01   3.8000000000000000e+01
   5.6000000000000000e+01   1.1300000000000000e+02
   5.7000000000000000e+01   2.4200000000000000e+02
   5.8000000000000000e+01   3.9200000000000000e+02
   5.9000000000000000e+01   5.5200000000000000e+02
   6.0000000000000000e+01   7.0800000000000000e+02
   6.1000000000000000e+01   8.4100000000000000e+02
   6.2000000000000000e+01   9.4200000000000000e+02
   6.3000000000000000e+01   9.9200000000000000e+02
   6.4000000000000000e+01   9.9600000000000000e+02
   6.5000000000000000e+01   9.4500000000000000e+02
   6.6000000000000000e+01   8.5000000000000000e+02
   6.7000000000000000e+01   7.1600000000000000e+02
   6.8000000000000000e+01   5.4800000000000000e+02
   6.9000000000000000e+01   3.8400000000000000e+02
   7.0000000000000000e+01   2.3000000000000000e+02
   7.1000000000000000e+01   1.1100000000000000e+02
   7.2000000000000000e+01   3.0000000000000000e+01
   7.3000000000000000e+01   0.0000000000000000e+00
   7.4000000000000000e+01   0.0000000000000000e+00
   7.5000000000000000e+01   2.7000000000000000e+01
   7.6000000000000000e+01   8.8000000000000000e+01
   7.7000000000000000e+01   1.8200000000000000e+02
   7.8000000000000000e+01   3.3400000000000000e+02
   7.9000000000000000e+01   4.9100000000000000e+02
   8.0000000000000000e+01   6.5100000000000000e+02
   8.1000000000000000e+01   7.9600000000000000e+02
   8.2000000000000000e+01   9.1000000000000000e+02
   8.3000000000000000e+01   9.7800000000000000e+02
   8.4000000000000000e+01   9.9800000000000000e+02
   8.5000000000000000e+01   9.7000000000000000e+02
   8.6000000000000000e+01   8.8700000000000000e+02
   8.7000000000000000e+01   7.6300000000000000e+02
   8.8000000000000000e+01   6.1000000000000000e+02
   8.9000000000000000e+01   4.4400000000000000e+02
   9.0000000000000000e+01   2.8600000000000000e+02
   9.1000000000000000e+01   1.5100000000000000e+02
   9.2000000000000000e+01   5.5000000000000000e+01
   9.3000000000000000e+01   9.0000000000000000e+00
   9.4000000000000000e+01   0.0000000000000000e+00
   9.5000000000000000e+01   1.1000000000000000e+01
   9.6000000000000000e+01   5.3000000000000000e+01
   9.7000000000000000e+01   1.3200000000000000e+02
   9.8000000000000000e+01   2.6700000000000000e+02
   9.9000000000000000e+01   4.1900000000000000e+02
