   0.0000000000000000e+00   3.9000000000000000e+01
   1.0000000000000000e+00   2.6700000000000000e+02
   2.0000000000000000e+00   6.6400000000000000e+02
   3.0000000000000000e+00   9.6100000000000000e+02
   4.0000000000000000e+00   9.6100000000000000e+02
   5.0000000000000000e+00   6.6900000000000000e+02
   6.0000000000000000e+00   2.7600000000000000e+02
   7.0000000000000000e+00   2.0000000000000000e+01
   8.0000000000000000e+00   3.2000000000000000e+01
   9.0000000000000000e+00   2.5200000000000000e+02
   1.0000000000000000e+01   6.4300000000000000e+02
   1.1000000000000000e+01   9.4400000000000000e+02
   1.2000000000000000e+01   9.7200000000000000e+02
   1.3000000000000000e+01   6.9800000000000000e+02
   1.4000000000000000e+01   2.8200000000000000e+02
   1.5000000000000000e+01   1.8000000000000000e+01
   1.6000000000000000e+01   3.5000000000000000e+01
   1.7000000000000000e+01   2.5400000000000000e+02
   1.8000000000000000e+01   6.4800000000000000e+02
   1.9000000000000000e+01   9.5100000000000000e+02
   2.0000000000000000e+01   9.7600000000000000e+02
   2.1000000000000000e+01   6.9200000000000000e+02
   2.2000000000000000e+01   3.0000000000000000e+02
   2.3000000000000000e+01   2.9000000000000000e+01
   2.4000000000000000e+01   2.1000000000000000e+01
   2.5000000000000000e+01   2.3900000000000000e+02
   2.6000000000000000e+01   6.3900000000000000e+02
   2.7000000000000000e+01   9.4500000000000000e+02
   2.8000000000000000e+01   9.7300000000000000e+02
   2.9000000000000000e+01   7.1200000000000000e+02
   3.0000000000000000e+01   3.1800000000000000e+02
   3.1000000000000000e+01   3.6000000000000000e+01
   3.2000000000000000e+01   1.7000000000000000e+01
   3.3000000000000000e+01   2.1100000000000000e+02
   3.4000000000000000e+01   6.1000000000000000e+02
   3.5000000000000000e+01   9.2800000000000000e+02
   3.6000000000000000e+01   9.7900000000000000e+02
   3.7000000000000000e+01   7.1800000000000000e+02
   3.8000000000000000e+01   3.2400000000000000e+02
   3.9000000000000000e+01   3.9000000000000000e+01
   4.0000000000000000e+01   1.6000000000000000e+01
   4.1000000000000000e+01   2.0500000000000000e+02
   4.2000000000000000e+01   5.9100000000000000e+02
   4.3000000000000000e+01   9.1900000000000000e+02
   4.4000000000000000e+01   9.8700000000000000e+02
   4.5000000000000000e+01   7.4600000000000000e+02
   4.6000000000000000e+01   3.5600000000000000e+02
   4.7000000000000000e+01   4.8000000000000000e+01
   4.8000000000000000e+01   1.1000000000000000e+01
   4.9000000000000000e+01   1.9000000000000000e+02
   5.0000000000000000e+01   5.7300000000000000e+02
   5.1000000000000000e+01   9.1000000000000000e+02
   5.2000000000000000e+01   9.9500000000000000e+02
   5.3000000000000000e+01   7.7300000000000000e+02
   5.4000000000000000e+01   3.8300000000000000e+02
   5.5000000000000000e+01   6.2000000000000000e+01
   5.6000000000000000e+01   4.0000000000000000e+00
   5.7000000000000000e+01   1.3000000000000000e+02
   5.8000000000000000e+01   4.8900000000000000e+02
   5.9000000000000000e+01   8.5400000000000000e+02
   6.0000000000000000e+01   1.0010000000000000e+03
   6.1000000000000000e+01   7.8000000000000000e+02
   6.2000000000000000e+01   3.9100000000000000e+02
   6.3000000000000000e+01   7.1000000000000000e+01
   6.4000000000000000e+01   2.0000000000000000e+00
   6.5000000000000000e+01   1.0000000000000000e+02
   6.6000000000000000e+01   4.4400000000000000e+02
   6.7000000000000000e+01   8.3000000000000000e+02
   6.8000000000000000e+01   1.0010000000000000e+03
   6.9000000000000000e+01   7.9700000000000000e+02
   7.0000000000000000e+01   4.1200000000000000e+02
   7.1000000000000000e+01   8.2000000000000000e+01
   7.2000000000000000e+01   0.0000000000000000e+00
   7.3000000000000000e+01   9.7000000000000000e+01
   7.4000000000000000e+01   3.7500000000000000e+02
   7.5000000000000000e+01   7.7300000000000000e+02
   7.6000000000000000e+01   9.9000000000000000e+02
   7.7000000000000000e+01   9.0300000000000000e+02
   7.8000000000000000e+01   5.4300000000000000e+02
   7.9000000000000000e+01   1.5800000000000000e+02
   8.0000000000000000e+01   0.0000000000000000e+00
   8.1000000000000000e+01   7.1000000000000000e+01
   8.2000000000000000e+01   3.3000000000000000e+02
   8.3000000000000000e+01   7.2700000000000000e+02
   8.4000000000000000e+01   9.8000000000000000e+02
   8.5000000000000000e+01   9.3700000000000000e+02
   8.6000000000000000e+01   6.2400000000000000e+02
   8.7000000000000000e+01   2.2600000000000000e+02
   8.8000000000000000e+01   2.0000000000000000e+00
   8.9000000000000000e+01   3.9000000000000000e+01
   9.0000000000000000e+01   2.6800000000000000e+02
   9.1000000000000000e+01   6.6100000000000000e+02
   9.2000000000000000e+01   9.5200000000000000e+02
   9.3000000000000000e+01   9.6800000000000000e+02
   9.4000000000000000e+01   6.8100000000000000e+02
   9.5000000000000000e+01   2.7600000000000000e+02
   9.6000000000000000e+01   2.1000000000000000e+01
   9.7000000000000000e+01   3.2000000000000000e+01
   9.8000000000000000e+01   2.5000000000000000e+02
   9.9000000000000000e+01   6.5200000000000000e+02
