-1.765534493338737132e+00
-1.764906493759067718e+00
-1.765534493338737132e+00
-1.764278494179398749e+00
-1.766162492918406102e+00
-1.766790492498075071e+00
-1.763022495020060809e+00
-1.764278494179398749e+00
-1.765534493338737132e+00
-1.764278494179398749e+00
-1.763650494599729779e+00
-1.764906493759067718e+00
-1.763650494599729779e+00
-1.765534493338737132e+00
-1.763022495020060809e+00
-1.763650494599729779e+00
-1.763650494599729779e+00
-1.762394495440391395e+00
-1.762394495440391395e+00
-1.763022495020060809e+00
-1.763022495020060809e+00
-1.762394495440391395e+00
-1.764906493759067718e+00
-1.760510496701384486e+00
-1.761766495860722426e+00
-1.763022495020060809e+00
-1.761138496281053456e+00
-1.762394495440391395e+00
-1.761766495860722426e+00
-1.762394495440391395e+00
-1.763022495020060809e+00
-1.761138496281053456e+00
-1.760510496701384486e+00
-1.761766495860722426e+00
-1.759882497121715073e+00
-1.762394495440391395e+00
-1.761138496281053456e+00
-1.759254497542046103e+00
-1.759254497542046103e+00
-1.760510496701384486e+00
-1.759254497542046103e+00
-1.760510496701384486e+00
-1.760510496701384486e+00
-1.759254497542046103e+00
-1.758626497962377133e+00
-1.757998498382708163e+00
-1.758626497962377133e+00
-1.759254497542046103e+00
-1.758626497962377133e+00
-1.756114499643700810e+00
-1.757370498803038750e+00
-1.757998498382708163e+00
-1.757998498382708163e+00
-1.758626497962377133e+00
-1.755486500064031841e+00
-1.757370498803038750e+00
-1.756114499643700810e+00
-1.754230500904693457e+00
-1.757370498803038750e+00
-1.757370498803038750e+00
-1.755486500064031841e+00
-1.756742499223369780e+00
-1.757370498803038750e+00
-1.753602501325024487e+00
-1.757998498382708163e+00
-1.754858500484362427e+00
-1.752974501745355518e+00
-1.756114499643700810e+00
-1.756114499643700810e+00
-1.752974501745355518e+00
-1.755486500064031841e+00
-1.754230500904693457e+00
-1.752974501745355518e+00
-1.754230500904693457e+00
-1.754230500904693457e+00
-1.752974501745355518e+00
-1.754858500484362427e+00
-1.755486500064031841e+00
-1.751090503006348165e+00
-1.752346502165686104e+00
-1.753602501325024487e+00
-1.752346502165686104e+00
-1.754230500904693457e+00
-1.751090503006348165e+00
-1.753602501325024487e+00
-1.751090503006348165e+00
-1.751090503006348165e+00
-1.752346502165686104e+00
-1.751090503006348165e+00
-1.751090503006348165e+00
-1.752974501745355518e+00
-1.752346502165686104e+00
-1.751090503006348165e+00
-1.752346502165686104e+00
-1.751090503006348165e+00
-1.751090503006348165e+00
-1.751090503006348165e+00
-1.751718502586017134e+00
-1.751090503006348165e+00
-1.749206504267340812e+00
-1.748578504687671842e+00
-1.751090503006348165e+00
-1.747950505108002428e+00
-1.749206504267340812e+00
-1.749206504267340812e+00
-1.747322505528333458e+00
-1.749206504267340812e+00
-1.747950505108002428e+00
-1.747950505108002428e+00
-1.747950505108002428e+00
-1.747950505108002428e+00
-1.747950505108002428e+00
-1.747950505108002428e+00
-1.747950505108002428e+00
-1.746066506368995519e+00
-1.746694505948664489e+00
-1.747322505528333458e+00
-1.745438506789326105e+00
-1.747322505528333458e+00
-1.746066506368995519e+00
-1.746694505948664489e+00
-1.747322505528333458e+00
-1.746694505948664489e+00
-1.745438506789326105e+00
-1.746694505948664489e+00
-1.744182507629988166e+00
-1.745438506789326105e+00
-1.745438506789326105e+00
-1.745438506789326105e+00
-1.745438506789326105e+00
-1.745438506789326105e+00
-1.744810507209657136e+00
-1.745438506789326105e+00
-1.742926508470649782e+00
-1.744182507629988166e+00
-1.744182507629988166e+00
-1.742926508470649782e+00
-1.744182507629988166e+00
-1.744182507629988166e+00
-1.742926508470649782e+00
-1.742926508470649782e+00
-1.742926508470649782e+00
-1.743554508050319196e+00
-1.742926508470649782e+00
-1.742298508890980813e+00
-1.741670509311311843e+00
-1.744182507629988166e+00
-1.740414510151973460e+00
-1.742926508470649782e+00
-1.741670509311311843e+00
-1.742926508470649782e+00
-1.741670509311311843e+00
-1.742926508470649782e+00
-1.740414510151973460e+00
-1.740414510151973460e+00
-1.741042509731642873e+00
-1.740414510151973460e+00
-1.742298508890980813e+00
-1.739158510992635520e+00
-1.739786510572304490e+00
-1.740414510151973460e+00
-1.740414510151973460e+00
-1.740414510151973460e+00
-1.740414510151973460e+00
-1.738530511412966550e+00
-1.739158510992635520e+00
-1.739786510572304490e+00
-1.738530511412966550e+00
-1.739158510992635520e+00
-1.739158510992635520e+00
-1.739158510992635520e+00
-1.735390513514620814e+00
-1.739786510572304490e+00
-1.739158510992635520e+00
-1.738530511412966550e+00
-1.737902511833297137e+00
-1.739786510572304490e+00
-1.736018513094290228e+00
-1.738530511412966550e+00
-1.735390513514620814e+00
-1.737274512253628167e+00
-1.737274512253628167e+00
-1.735390513514620814e+00
-1.736018513094290228e+00
-1.737274512253628167e+00
-1.735390513514620814e+00
-1.735390513514620814e+00
-1.736018513094290228e+00
-1.735390513514620814e+00
-1.736018513094290228e+00
-1.737274512253628167e+00
-1.732878515195944491e+00
-1.737274512253628167e+00
-1.736018513094290228e+00
-1.734134514355282874e+00
-1.734134514355282874e+00
-1.734762513934951844e+00
-1.735390513514620814e+00
-1.735390513514620814e+00
-1.733506514775613905e+00
-1.732250515616275521e+00
-1.734762513934951844e+00
-1.730994516456937582e+00
-1.732878515195944491e+00
-1.734134514355282874e+00
-1.732878515195944491e+00
-1.733506514775613905e+00
-1.734134514355282874e+00
-1.731622516036606552e+00
-1.734134514355282874e+00
-1.730994516456937582e+00
-1.732250515616275521e+00
-1.733506514775613905e+00
-1.730994516456937582e+00
-1.731622516036606552e+00
-1.731622516036606552e+00
-1.730994516456937582e+00
-1.732878515195944491e+00
-1.730994516456937582e+00
-1.729110517717930229e+00
-1.731622516036606552e+00
-1.729738517297599198e+00
-1.730366516877268168e+00
-1.730994516456937582e+00
-1.730366516877268168e+00
-1.729738517297599198e+00
-1.729110517717930229e+00
-1.729738517297599198e+00
-1.729110517717930229e+00
-1.730366516877268168e+00
-1.727854518558591845e+00
-1.727854518558591845e+00
-1.730366516877268168e+00
-1.729738517297599198e+00
-1.728482518138261259e+00
-1.728482518138261259e+00
-1.727226518978922876e+00
-1.725342520239915522e+00
-1.727226518978922876e+00
-1.728482518138261259e+00
-1.725970519819584936e+00
-1.728482518138261259e+00
-1.728482518138261259e+00
-1.725970519819584936e+00
-1.727854518558591845e+00
-1.727854518558591845e+00
-1.725342520239915522e+00
-1.726598519399253906e+00
-1.725342520239915522e+00
-1.725970519819584936e+00
-1.726598519399253906e+00
-1.724086521080577583e+00
-1.725342520239915522e+00
-1.725342520239915522e+00
-1.725342520239915522e+00
-1.725342520239915522e+00
-1.727226518978922876e+00
-1.724086521080577583e+00
-1.724714520660246553e+00
-1.725342520239915522e+00
-1.725342520239915522e+00
-1.726598519399253906e+00
-1.724086521080577583e+00
-1.723458521500908613e+00
-1.725970519819584936e+00
-1.723458521500908613e+00
-1.722830521921239200e+00
-1.724086521080577583e+00
-1.721574522761901260e+00
-1.722202522341570230e+00
-1.723458521500908613e+00
-1.720318523602562877e+00
-1.721574522761901260e+00
-1.722830521921239200e+00
-1.720946523182232291e+00
-1.721574522761901260e+00
-1.721574522761901260e+00
-1.720946523182232291e+00
-1.722830521921239200e+00
-1.719690524022893907e+00
-1.720318523602562877e+00
-1.722202522341570230e+00
-1.719690524022893907e+00
-1.722202522341570230e+00
-1.720318523602562877e+00
-1.720318523602562877e+00
-1.720946523182232291e+00
-1.720946523182232291e+00
-1.717806525283886554e+00
-1.719062524443224937e+00
-1.719690524022893907e+00
-1.717178525704217584e+00
-1.718434524863555968e+00
-1.719062524443224937e+00
-1.717806525283886554e+00
-1.718434524863555968e+00
-1.717178525704217584e+00
-1.718434524863555968e+00
-1.718434524863555968e+00
-1.716550526124548615e+00
-1.716550526124548615e+00
-1.717806525283886554e+00
-1.717178525704217584e+00
-1.719062524443224937e+00
-1.717178525704217584e+00
-1.716550526124548615e+00
-1.717806525283886554e+00
-1.714038527805872292e+00
-1.716550526124548615e+00
-1.715294526965210231e+00
-1.715294526965210231e+00
-1.717178525704217584e+00
-1.715294526965210231e+00
-1.715294526965210231e+00
-1.717178525704217584e+00
-1.714666527385541261e+00
-1.716550526124548615e+00
-1.715294526965210231e+00
-1.713410528226203322e+00
-1.716550526124548615e+00
-1.714666527385541261e+00
-1.714038527805872292e+00
-1.714038527805872292e+00
-1.714038527805872292e+00
-1.714666527385541261e+00
-1.714666527385541261e+00
-1.712782528646533908e+00
-1.712154529066864939e+00
-1.714666527385541261e+00
-1.713410528226203322e+00
-1.712782528646533908e+00
-1.711526529487195969e+00
-1.710898529907526999e+00
-1.710898529907526999e+00
-1.713410528226203322e+00
-1.712782528646533908e+00
-1.712782528646533908e+00
-1.712782528646533908e+00
-1.710270530327857585e+00
-1.710898529907526999e+00
-1.713410528226203322e+00
-1.710898529907526999e+00
-1.712782528646533908e+00
-1.710898529907526999e+00
-1.709014531168519646e+00
-1.710898529907526999e+00
-1.709014531168519646e+00
-1.709642530748188616e+00
-1.710898529907526999e+00
-1.709014531168519646e+00
-1.710898529907526999e+00
-1.712154529066864939e+00
-1.709642530748188616e+00
-1.708386531588850676e+00
-1.709642530748188616e+00
-1.710898529907526999e+00
-1.706502532849843323e+00
-1.708386531588850676e+00
-1.710270530327857585e+00
-1.708386531588850676e+00
-1.709014531168519646e+00
-1.707130532429512293e+00
-1.707130532429512293e+00
-1.708386531588850676e+00
-1.705874533270174354e+00
-1.707758532009181263e+00
-1.707758532009181263e+00
-1.704618534110835970e+00
-1.707130532429512293e+00
-1.706502532849843323e+00
-1.707758532009181263e+00
-1.705874533270174354e+00
-1.706502532849843323e+00
-1.707758532009181263e+00
-1.705246533690504940e+00
-1.703990534531167000e+00
-1.703990534531167000e+00
-1.705246533690504940e+00
-1.705246533690504940e+00
-1.702734535371828617e+00
-1.704618534110835970e+00
-1.707130532429512293e+00
-1.705246533690504940e+00
-1.702106535792159647e+00
-1.704618534110835970e+00
-1.703990534531167000e+00
-1.702734535371828617e+00
-1.702734535371828617e+00
-1.702734535371828617e+00
-1.704618534110835970e+00
-1.702106535792159647e+00
-1.702106535792159647e+00
-1.702734535371828617e+00
-1.702106535792159647e+00
-1.700850536632821708e+00
-1.703362534951498031e+00
-1.703362534951498031e+00
-1.702734535371828617e+00
-1.700850536632821708e+00
-1.702734535371828617e+00
-1.698966537893814355e+00
-1.700850536632821708e+00
-1.701478536212490678e+00
-1.698966537893814355e+00
-1.702106535792159647e+00
-1.702106535792159647e+00
-1.700850536632821708e+00
-1.698966537893814355e+00
-1.699594537473483324e+00
-1.698338538314145385e+00
-1.702734535371828617e+00
-1.699594537473483324e+00
-1.698966537893814355e+00
-1.698338538314145385e+00
-1.700850536632821708e+00
-1.697082539154807002e+00
-1.698966537893814355e+00
-1.698966537893814355e+00
-1.697710538734475971e+00
-1.698966537893814355e+00
-1.700222537053152294e+00
-1.700222537053152294e+00
-1.695826539995469062e+00
-1.700222537053152294e+00
-1.697082539154807002e+00
-1.697082539154807002e+00
-1.697710538734475971e+00
-1.697710538734475971e+00
-1.695826539995469062e+00
-1.696454539575138032e+00
-1.698338538314145385e+00
-1.695826539995469062e+00
-1.697082539154807002e+00
-1.697082539154807002e+00
-1.695826539995469062e+00
-1.695826539995469062e+00
-1.697082539154807002e+00
-1.696454539575138032e+00
-1.695198540415799648e+00
-1.695826539995469062e+00
-1.695198540415799648e+00
-1.695198540415799648e+00
-1.695198540415799648e+00
-1.695198540415799648e+00
-1.693314541676792739e+00
-1.695198540415799648e+00
-1.694570540836130679e+00
-1.695198540415799648e+00
-1.695826539995469062e+00
-1.693314541676792739e+00
-1.691430542937785386e+00
-1.694570540836130679e+00
-1.693942541256461709e+00
-1.692686542097123326e+00
-1.692686542097123326e+00
-1.692686542097123326e+00
-1.692686542097123326e+00
-1.692686542097123326e+00
-1.692686542097123326e+00
-1.692686542097123326e+00
-1.690802543358116417e+00
-1.690802543358116417e+00
-1.692686542097123326e+00
-1.690802543358116417e+00
-1.692686542097123326e+00
-1.692058542517454356e+00
-1.690802543358116417e+00
-1.692686542097123326e+00
-1.692058542517454356e+00
-1.691430542937785386e+00
-1.689546544198778033e+00
-1.688918544619109063e+00
-1.690174543778447003e+00
-1.689546544198778033e+00
-1.690174543778447003e+00
-1.690174543778447003e+00
-1.690174543778447003e+00
-1.690802543358116417e+00
-1.688918544619109063e+00
-1.688918544619109063e+00
-1.688918544619109063e+00
-1.687662545459770680e+00
-1.687662545459770680e+00
-1.685778546720763327e+00
-1.687662545459770680e+00
-1.687662545459770680e+00
-1.687662545459770680e+00
-1.683894547981756418e+00
-1.687662545459770680e+00
-1.686406546300432741e+00
-1.685778546720763327e+00
-1.685778546720763327e+00
-1.685778546720763327e+00
-1.685778546720763327e+00
-1.686406546300432741e+00
-1.687034545880101710e+00
-1.683894547981756418e+00
-1.687662545459770680e+00
-1.685150547141094357e+00
-1.685150547141094357e+00
-1.687034545880101710e+00
-1.685150547141094357e+00
-1.685150547141094357e+00
-1.686406546300432741e+00
-1.684522547561425387e+00
-1.685150547141094357e+00
-1.684522547561425387e+00
-1.685150547141094357e+00
-1.682010549242749065e+00
-1.683266548402087004e+00
-1.684522547561425387e+00
-1.680754550083410681e+00
-1.683894547981756418e+00
-1.683894547981756418e+00
-1.683266548402087004e+00
-1.685778546720763327e+00
-1.680754550083410681e+00
-1.682010549242749065e+00
-1.682638548822418034e+00
-1.682638548822418034e+00
-1.680754550083410681e+00
-1.682010549242749065e+00
-1.681382549663080095e+00
-1.680754550083410681e+00
-1.682638548822418034e+00
-1.682010549242749065e+00
-1.679498550924072742e+00
-1.682010549242749065e+00
-1.680754550083410681e+00
-1.680754550083410681e+00
-1.682010549242749065e+00
-1.680754550083410681e+00
-1.680754550083410681e+00
-1.682010549242749065e+00
-1.679498550924072742e+00
-1.678242551764734358e+00
-1.680754550083410681e+00
-1.680126550503741711e+00
-1.678870551344403772e+00
-1.682638548822418034e+00
-1.678242551764734358e+00
-1.677614552185065389e+00
-1.680126550503741711e+00
-1.677614552185065389e+00
-1.677614552185065389e+00
-1.680126550503741711e+00
-1.676986552605396419e+00
-1.678242551764734358e+00
-1.679498550924072742e+00
-1.675102553866389066e+00
-1.675102553866389066e+00
-1.678870551344403772e+00
-1.678870551344403772e+00
-1.675102553866389066e+00
-1.678242551764734358e+00
-1.678870551344403772e+00
-1.673846554707051126e+00
-1.677614552185065389e+00
-1.675730553446058035e+00
-1.675102553866389066e+00
-1.676986552605396419e+00
-1.676986552605396419e+00
-1.673846554707051126e+00
-1.675102553866389066e+00
-1.675102553866389066e+00
-1.673846554707051126e+00
-1.676358553025727449e+00
-1.674474554286720096e+00
-1.673218555127381713e+00
-1.673846554707051126e+00
-1.673218555127381713e+00
-1.673846554707051126e+00
-1.673218555127381713e+00
-1.673218555127381713e+00
-1.673218555127381713e+00
-1.673218555127381713e+00
-1.672590555547712743e+00
-1.671334556388374804e+00
-1.672590555547712743e+00
-1.673218555127381713e+00
-1.671334556388374804e+00
-1.672590555547712743e+00
-1.671962555968043773e+00
-1.673218555127381713e+00
-1.672590555547712743e+00
-1.672590555547712743e+00
-1.673218555127381713e+00
-1.671334556388374804e+00
-1.673218555127381713e+00
-1.670078557229036420e+00
-1.670078557229036420e+00
-1.672590555547712743e+00
-1.668822558069698481e+00
-1.672590555547712743e+00
-1.670078557229036420e+00
-1.671334556388374804e+00
-1.668822558069698481e+00
-1.670078557229036420e+00
-1.668822558069698481e+00
-1.668822558069698481e+00
-1.669450557649367450e+00
-1.668194558490029067e+00
-1.667566558910360097e+00
-1.669450557649367450e+00
-1.667566558910360097e+00
-1.666938559330691128e+00
-1.668194558490029067e+00
-1.669450557649367450e+00
-1.667566558910360097e+00
-1.667566558910360097e+00
-1.667566558910360097e+00
-1.665682560171352744e+00
-1.665054560591683774e+00
-1.667566558910360097e+00
-1.666310559751022158e+00
-1.666310559751022158e+00
-1.668194558490029067e+00
-1.665682560171352744e+00
-1.666938559330691128e+00
-1.667566558910360097e+00
-1.663798561432345835e+00
-1.665682560171352744e+00
-1.663170561852676421e+00
-1.664426561012014805e+00
-1.666938559330691128e+00
-1.663798561432345835e+00
-1.663798561432345835e+00
-1.666938559330691128e+00
-1.664426561012014805e+00
-1.663798561432345835e+00
-1.665682560171352744e+00
-1.663170561852676421e+00
-1.663798561432345835e+00
-1.665682560171352744e+00
-1.663798561432345835e+00
-1.662542562273007452e+00
-1.663170561852676421e+00
-1.660658563534000098e+00
-1.661914562693338482e+00
-1.663170561852676421e+00
-1.662542562273007452e+00
-1.663170561852676421e+00
-1.662542562273007452e+00
-1.662542562273007452e+00
-1.661286563113669512e+00
-1.661286563113669512e+00
-1.658774564794993189e+00
-1.660658563534000098e+00
-1.663170561852676421e+00
-1.658774564794993189e+00
-1.661914562693338482e+00
-1.663798561432345835e+00
-1.660030563954331129e+00
-1.661914562693338482e+00
-1.658146565215323776e+00
-1.660658563534000098e+00
-1.663798561432345835e+00
-1.658774564794993189e+00
-1.660658563534000098e+00
-1.660658563534000098e+00
-1.658774564794993189e+00
-1.660030563954331129e+00
-1.660658563534000098e+00
-1.659402564374662159e+00
-1.658774564794993189e+00
-1.659402564374662159e+00
-1.658146565215323776e+00
-1.658774564794993189e+00
-1.660658563534000098e+00
-1.658774564794993189e+00
-1.658146565215323776e+00
-1.656890566055985836e+00
-1.658774564794993189e+00
-1.657518565635654806e+00
-1.657518565635654806e+00
-1.658774564794993189e+00
-1.655634566896647453e+00
-1.656262566476316866e+00
-1.658146565215323776e+00
-1.655006567316978483e+00
-1.656890566055985836e+00
-1.658146565215323776e+00
-1.656890566055985836e+00
-1.656262566476316866e+00
-1.656890566055985836e+00
-1.653750568157640544e+00
-1.655006567316978483e+00
-1.654378567737309513e+00
-1.655634566896647453e+00
-1.656890566055985836e+00
-1.655006567316978483e+00
-1.655006567316978483e+00
-1.655634566896647453e+00
-1.655006567316978483e+00
-1.653750568157640544e+00
-1.653122568577971130e+00
-1.653122568577971130e+00
-1.653750568157640544e+00
-1.653750568157640544e+00
-1.652494568998302160e+00
-1.655006567316978483e+00
-1.652494568998302160e+00
-1.651866569418633190e+00
-1.653750568157640544e+00
-1.651866569418633190e+00
-1.655634566896647453e+00
-1.652494568998302160e+00
-1.649982570679625837e+00
-1.652494568998302160e+00
-1.651866569418633190e+00
-1.651866569418633190e+00
-1.650610570259294807e+00
-1.655006567316978483e+00
-1.651866569418633190e+00
-1.648726571520287898e+00
-1.650610570259294807e+00
-1.649982570679625837e+00
-1.649982570679625837e+00
-1.650610570259294807e+00
-1.650610570259294807e+00
-1.651238569838964221e+00
-1.650610570259294807e+00
-1.648098571940618484e+00
-1.648726571520287898e+00
-1.651866569418633190e+00
-1.650610570259294807e+00
-1.649982570679625837e+00
-1.651238569838964221e+00
-1.649982570679625837e+00
-1.650610570259294807e+00
-1.648726571520287898e+00
-1.648726571520287898e+00
-1.649354571099956868e+00
-1.648726571520287898e+00
-1.647470572360949514e+00
-1.647470572360949514e+00
-1.649982570679625837e+00
-1.649982570679625837e+00
-1.646842572781280545e+00
-1.647470572360949514e+00
-1.645586573621942161e+00
-1.648098571940618484e+00
-1.647470572360949514e+00
-1.647470572360949514e+00
-1.648098571940618484e+00
-1.644958574042273192e+00
-1.646214573201611575e+00
-1.648098571940618484e+00
-1.645586573621942161e+00
-1.645586573621942161e+00
-1.647470572360949514e+00
-1.646214573201611575e+00
-1.642446575723596869e+00
-1.645586573621942161e+00
-1.644958574042273192e+00
-1.644958574042273192e+00
-1.643702574882935252e+00
-1.641818576143927899e+00
-1.645586573621942161e+00
-1.643074575303265838e+00
-1.643702574882935252e+00
-1.642446575723596869e+00
-1.644330574462604222e+00
-1.642446575723596869e+00
-1.643074575303265838e+00
-1.644958574042273192e+00
-1.643702574882935252e+00
-1.642446575723596869e+00
-1.643074575303265838e+00
-1.641190576564258929e+00
-1.642446575723596869e+00
-1.642446575723596869e+00
-1.641190576564258929e+00
-1.640562576984589516e+00
-1.643074575303265838e+00
-1.641818576143927899e+00
-1.641818576143927899e+00
-1.639934577404920546e+00
-1.640562576984589516e+00
-1.642446575723596869e+00
-1.641190576564258929e+00
-1.641818576143927899e+00
-1.642446575723596869e+00
-1.638678578245582607e+00
-1.639934577404920546e+00
-1.641818576143927899e+00
-1.638050578665913193e+00
-1.638678578245582607e+00
-1.637422579086244223e+00
-1.638678578245582607e+00
-1.639306577825251576e+00
-1.638678578245582607e+00
-1.637422579086244223e+00
-1.636794579506575253e+00
-1.638050578665913193e+00
-1.639934577404920546e+00
-1.636794579506575253e+00
-1.637422579086244223e+00
-1.637422579086244223e+00
-1.636794579506575253e+00
-1.636794579506575253e+00
-1.636166579926906284e+00
-1.638050578665913193e+00
-1.638050578665913193e+00
-1.635538580347236870e+00
-1.638050578665913193e+00
-1.637422579086244223e+00
-1.634910580767567900e+00
-1.636794579506575253e+00
-1.635538580347236870e+00
-1.634910580767567900e+00
-1.634282581187898931e+00
-1.635538580347236870e+00
-1.633654581608229961e+00
-1.636166579926906284e+00
-1.633654581608229961e+00
-1.633654581608229961e+00
-1.633654581608229961e+00
-1.634910580767567900e+00
-1.633026582028560547e+00
-1.634910580767567900e+00
-1.634282581187898931e+00
-1.633026582028560547e+00
-1.633654581608229961e+00
-1.633026582028560547e+00
-1.634910580767567900e+00
-1.633026582028560547e+00
-1.633654581608229961e+00
-1.633654581608229961e+00
-1.633026582028560547e+00
-1.632398582448891577e+00
-1.629886584130215255e+00
-1.634910580767567900e+00
-1.632398582448891577e+00
-1.631142583289553194e+00
-1.634282581187898931e+00
-1.631770582869222608e+00
-1.633026582028560547e+00
-1.633026582028560547e+00
-1.631770582869222608e+00
-1.631770582869222608e+00
-1.632398582448891577e+00
-1.630514583709884224e+00
-1.629886584130215255e+00
-1.632398582448891577e+00
-1.630514583709884224e+00
-1.628630584970876871e+00
-1.631770582869222608e+00
-1.628630584970876871e+00
-1.629886584130215255e+00
-1.629258584550546285e+00
-1.628630584970876871e+00
-1.627374585811538932e+00
-1.629886584130215255e+00
-1.628630584970876871e+00
-1.628002585391207901e+00
-1.628002585391207901e+00
-1.628002585391207901e+00
-1.628630584970876871e+00
-1.630514583709884224e+00
-1.628002585391207901e+00
-1.627374585811538932e+00
-1.628002585391207901e+00
-1.628002585391207901e+00
-1.627374585811538932e+00
-1.627374585811538932e+00
-1.626746586231869962e+00
-1.625490587072531579e+00
-1.627374585811538932e+00
-1.625490587072531579e+00
-1.625490587072531579e+00
-1.626118586652200548e+00
-1.623606588333524225e+00
-1.624862587492862609e+00
-1.625490587072531579e+00
-1.623606588333524225e+00
-1.624862587492862609e+00
-1.623606588333524225e+00
-1.623606588333524225e+00
-1.623606588333524225e+00
-1.624862587492862609e+00
-1.622978588753855256e+00
-1.625490587072531579e+00
-1.622350589174186286e+00
-1.622978588753855256e+00
-1.624234587913193639e+00
-1.622978588753855256e+00
-1.622350589174186286e+00
-1.623606588333524225e+00
-1.622350589174186286e+00
-1.620466590435178933e+00
-1.621722589594517316e+00
-1.622978588753855256e+00
-1.622350589174186286e+00
-1.622350589174186286e+00
-1.622978588753855256e+00
-1.620466590435178933e+00
-1.621094590014847903e+00
-1.621722589594517316e+00
-1.618582591696171580e+00
-1.621722589594517316e+00
-1.621722589594517316e+00
-1.620466590435178933e+00
-1.620466590435178933e+00
-1.619838590855509963e+00
-1.619210591275840994e+00
-1.617954592116502610e+00
-1.621722589594517316e+00
-1.620466590435178933e+00
-1.619838590855509963e+00
-1.620466590435178933e+00
-1.617954592116502610e+00
-1.617954592116502610e+00
-1.618582591696171580e+00
-1.617954592116502610e+00
-1.620466590435178933e+00
-1.619838590855509963e+00
-1.619838590855509963e+00
-1.617954592116502610e+00
-1.619838590855509963e+00
-1.617326592536833640e+00
-1.617326592536833640e+00
-1.617326592536833640e+00
-1.617326592536833640e+00
-1.615442593797826287e+00
-1.618582591696171580e+00
-1.617954592116502610e+00
-1.616698592957164671e+00
-1.617954592116502610e+00
-1.616698592957164671e+00
-1.616698592957164671e+00
-1.616698592957164671e+00
-1.616070593377495257e+00
-1.614814594218157318e+00
-1.614814594218157318e+00
-1.614186594638488348e+00
-1.614814594218157318e+00
-1.616070593377495257e+00
-1.613558595058818934e+00
-1.614814594218157318e+00
-1.614186594638488348e+00
-1.613558595058818934e+00
-1.612302595899480995e+00
-1.614814594218157318e+00
-1.613558595058818934e+00
-1.610418597160473642e+00
-1.612302595899480995e+00
-1.612930595479149964e+00
-1.613558595058818934e+00
-1.614814594218157318e+00
-1.612930595479149964e+00
-1.611674596319812025e+00
-1.614814594218157318e+00
-1.610418597160473642e+00
-1.609790597580804672e+00
-1.613558595058818934e+00
-1.612930595479149964e+00
-1.612302595899480995e+00
-1.610418597160473642e+00
-1.612302595899480995e+00
-1.610418597160473642e+00
-1.611046596740142611e+00
-1.610418597160473642e+00
-1.612302595899480995e+00
-1.611674596319812025e+00
-1.612302595899480995e+00
-1.611674596319812025e+00
-1.612302595899480995e+00
-1.610418597160473642e+00
-1.610418597160473642e+00
-1.612302595899480995e+00
-1.609790597580804672e+00
-1.609790597580804672e+00
-1.612302595899480995e+00
-1.607906598841797319e+00
-1.607906598841797319e+00
-1.607906598841797319e+00
-1.607278599262128349e+00
-1.607906598841797319e+00
-1.607906598841797319e+00
-1.606650599682459379e+00
-1.610418597160473642e+00
-1.607278599262128349e+00
-1.607906598841797319e+00
-1.605394600523120996e+00
-1.610418597160473642e+00
-1.610418597160473642e+00
-1.608534598421466288e+00
-1.609162598001135702e+00
-1.605394600523120996e+00
-1.605394600523120996e+00
-1.607278599262128349e+00
-1.607278599262128349e+00
-1.604766600943452026e+00
-1.606022600102789966e+00
-1.607906598841797319e+00
-1.604766600943452026e+00
-1.606022600102789966e+00
-1.603510601784113643e+00
-1.604766600943452026e+00
-1.603510601784113643e+00
-1.604138601363783057e+00
-1.605394600523120996e+00
-1.603510601784113643e+00
-1.602882602204444673e+00
-1.603510601784113643e+00
-1.603510601784113643e+00
-1.603510601784113643e+00
-1.602882602204444673e+00
-1.603510601784113643e+00
-1.602254602624775703e+00
-1.602882602204444673e+00
-1.602882602204444673e+00
-1.605394600523120996e+00
-1.602254602624775703e+00
-1.602254602624775703e+00
-1.602882602204444673e+00
-1.602254602624775703e+00
-1.603510601784113643e+00
-1.602254602624775703e+00
-1.598486605146760997e+00
-1.603510601784113643e+00
-1.601626603045106734e+00
-1.602254602624775703e+00
