1.610031418244872725e-02
1.484431502310989970e-02
1.735631334178666663e-02
1.484431502310989970e-02
1.484431502310989970e-02
1.233231670443402095e-02
1.484431502310989970e-02
1.484431502310989970e-02
1.233231670443402095e-02
1.358831586377196032e-02
1.421631544344137410e-02
1.107631754509608157e-02
1.233231670443402095e-02
1.233231670443402095e-02
1.296031628410343473e-02
1.107631754509608157e-02
1.233231670443402095e-02
1.107631754509608157e-02
1.170431712476460717e-02
1.044831796542666780e-02
9.192318806088728422e-03
9.820318385757254021e-03
7.936319646750789047e-03
9.820318385757254021e-03
7.936319646750789047e-03
9.192318806088728422e-03
6.680320487411961494e-03
9.820318385757254021e-03
5.424321328074022119e-03
5.424321328074022119e-03
7.308320067081375271e-03
5.424321328074022119e-03
7.308320067081375271e-03
9.820318385757254021e-03
7.308320067081375271e-03
6.052320907743435896e-03
6.680320487411961494e-03
6.680320487411961494e-03
4.168322168736082745e-03
2.912323009397255191e-03
5.424321328074022119e-03
4.168322168736082745e-03
5.424321328074022119e-03
5.424321328074022119e-03
5.424321328074022119e-03
4.168322168736082745e-03
2.912323009397255191e-03
2.912323009397255191e-03
4.168322168736082745e-03
4.003246907213764416e-04
4.168322168736082745e-03
2.912323009397255191e-03
5.424321328074022119e-03
2.284323429728729593e-03
1.028324270390790218e-03
1.028324270390790218e-03
2.912323009397255191e-03
1.656323850059315816e-03
2.284323429728729593e-03
2.912323009397255191e-03
1.656323850059315816e-03
2.284323429728729593e-03
-2.276748889480373350e-04
2.912323009397255191e-03
2.284323429728729593e-03
1.656323850059315816e-03
1.028324270390790218e-03
1.028324270390790218e-03
1.028324270390790218e-03
1.028324270390790218e-03
1.028324270390790218e-03
2.284323429728729593e-03
1.656323850059315816e-03
-2.276748889480373350e-04
2.912323009397255191e-03
1.656323850059315816e-03
2.912323009397255191e-03
1.028324270390790218e-03
2.912323009397255191e-03
5.424321328074022119e-03
1.656323850059315816e-03
2.912323009397255191e-03
2.284323429728729593e-03
2.912323009397255191e-03
2.912323009397255191e-03
2.912323009397255191e-03
4.168322168736082745e-03
5.424321328074022119e-03
5.424321328074022119e-03
1.028324270390790218e-03
5.424321328074022119e-03
2.912323009397255191e-03
7.308320067081375271e-03
4.168322168736082745e-03
6.052320907743435896e-03
6.052320907743435896e-03
6.052320907743435896e-03
6.052320907743435896e-03
5.424321328074022119e-03
7.308320067081375271e-03
9.820318385757254021e-03
9.820318385757254021e-03
7.308320067081375271e-03
1.044831796542666780e-02
9.192318806088728422e-03
9.192318806088728422e-03
7.936319646750789047e-03
9.192318806088728422e-03
1.170431712476460717e-02
1.044831796542666780e-02
9.192318806088728422e-03
1.107631754509608157e-02
1.296031628410343473e-02
9.820318385757254021e-03
1.044831796542666780e-02
1.296031628410343473e-02
1.233231670443402095e-02
1.358831586377196032e-02
1.170431712476460717e-02
1.358831586377196032e-02
1.484431502310989970e-02
1.233231670443402095e-02
1.296031628410343473e-02
1.421631544344137410e-02
1.547231460277931347e-02
1.610031418244872725e-02
1.484431502310989970e-02
1.610031418244872725e-02
1.547231460277931347e-02
1.547231460277931347e-02
1.233231670443402095e-02
1.547231460277931347e-02
1.484431502310989970e-02
1.610031418244872725e-02
1.547231460277931347e-02
1.735631334178666663e-02
1.610031418244872725e-02
1.672831376211725285e-02
1.735631334178666663e-02
1.735631334178666663e-02
1.798431292145608040e-02
1.735631334178666663e-02
2.049631124013195915e-02
2.049631124013195915e-02
1.924031208079401978e-02
1.798431292145608040e-02
1.798431292145608040e-02
1.798431292145608040e-02
1.986831166046254538e-02
1.861231250112460600e-02
2.300830955880872608e-02
2.049631124013195915e-02
1.986831166046254538e-02
1.986831166046254538e-02
2.238030997913931230e-02
1.986831166046254538e-02
2.049631124013195915e-02
2.049631124013195915e-02
2.175231039946989853e-02
1.986831166046254538e-02
2.049631124013195915e-02
2.049631124013195915e-02
2.238030997913931230e-02
2.300830955880872608e-02
2.112431081980137293e-02
2.238030997913931230e-02
2.049631124013195915e-02
2.049631124013195915e-02
2.300830955880872608e-02
2.300830955880872608e-02
1.986831166046254538e-02
2.112431081980137293e-02
1.924031208079401978e-02
2.300830955880872608e-02
2.238030997913931230e-02
2.112431081980137293e-02
2.049631124013195915e-02
1.986831166046254538e-02
2.175231039946989853e-02
2.049631124013195915e-02
1.986831166046254538e-02
1.798431292145608040e-02
1.986831166046254538e-02
2.112431081980137293e-02
1.986831166046254538e-02
2.175231039946989853e-02
1.798431292145608040e-02
2.049631124013195915e-02
1.924031208079401978e-02
1.924031208079401978e-02
1.798431292145608040e-02
1.861231250112460600e-02
1.672831376211725285e-02
1.735631334178666663e-02
1.672831376211725285e-02
1.735631334178666663e-02
1.798431292145608040e-02
1.672831376211725285e-02
1.484431502310989970e-02
1.421631544344137410e-02
1.672831376211725285e-02
1.610031418244872725e-02
1.924031208079401978e-02
1.296031628410343473e-02
1.421631544344137410e-02
1.610031418244872725e-02
1.358831586377196032e-02
1.484431502310989970e-02
1.233231670443402095e-02
1.358831586377196032e-02
1.484431502310989970e-02
1.170431712476460717e-02
1.107631754509608157e-02
1.107631754509608157e-02
1.296031628410343473e-02
1.044831796542666780e-02
9.820318385757254021e-03
1.044831796542666780e-02
9.820318385757254021e-03
9.820318385757254021e-03
7.936319646750789047e-03
1.107631754509608157e-02
6.052320907743435896e-03
9.192318806088728422e-03
9.192318806088728422e-03
6.680320487411961494e-03
7.936319646750789047e-03
7.936319646750789047e-03
7.308320067081375271e-03
5.424321328074022119e-03
6.052320907743435896e-03
5.424321328074022119e-03
3.540322589066668968e-03
5.424321328074022119e-03
6.052320907743435896e-03
5.424321328074022119e-03
4.168322168736082745e-03
4.168322168736082745e-03
5.424321328074022119e-03
5.424321328074022119e-03
5.424321328074022119e-03
2.912323009397255191e-03
5.424321328074022119e-03
4.168322168736082745e-03
2.284323429728729593e-03
2.284323429728729593e-03
2.912323009397255191e-03
4.168322168736082745e-03
2.912323009397255191e-03
2.912323009397255191e-03
4.168322168736082745e-03
4.168322168736082745e-03
1.028324270390790218e-03
2.912323009397255191e-03
2.912323009397255191e-03
2.912323009397255191e-03
1.028324270390790218e-03
2.912323009397255191e-03
1.028324270390790218e-03
2.912323009397255191e-03
-8.556744686165629332e-04
1.656323850059315816e-03
2.912323009397255191e-03
1.028324270390790218e-03
2.912323009397255191e-03
2.284323429728729593e-03
2.912323009397255191e-03
2.912323009397255191e-03
1.028324270390790218e-03
4.003246907213764416e-04
-2.276748889480373350e-04
4.796321748404608343e-03
-8.556744686165629332e-04
4.003246907213764416e-04
2.284323429728729593e-03
2.912323009397255191e-03
2.284323429728729593e-03
4.003246907213764416e-04
4.003246907213764416e-04
1.028324270390790218e-03
5.424321328074022119e-03
2.912323009397255191e-03
2.284323429728729593e-03
4.796321748404608343e-03
6.052320907743435896e-03
4.168322168736082745e-03
2.912323009397255191e-03
2.912323009397255191e-03
6.052320907743435896e-03
4.796321748404608343e-03
1.028324270390790218e-03
7.308320067081375271e-03
6.052320907743435896e-03
4.796321748404608343e-03
4.168322168736082745e-03
4.168322168736082745e-03
6.052320907743435896e-03
5.424321328074022119e-03
5.424321328074022119e-03
5.424321328074022119e-03
6.680320487411961494e-03
6.052320907743435896e-03
7.308320067081375271e-03
7.308320067081375271e-03
8.564319226419314646e-03
9.192318806088728422e-03
8.564319226419314646e-03
7.936319646750789047e-03
1.233231670443402095e-02
9.820318385757254021e-03
9.192318806088728422e-03
1.107631754509608157e-02
1.107631754509608157e-02
1.107631754509608157e-02
1.233231670443402095e-02
9.820318385757254021e-03
1.358831586377196032e-02
1.296031628410343473e-02
1.296031628410343473e-02
1.107631754509608157e-02
1.484431502310989970e-02
1.296031628410343473e-02
1.296031628410343473e-02
1.296031628410343473e-02
1.296031628410343473e-02
1.547231460277931347e-02
1.547231460277931347e-02
1.547231460277931347e-02
1.547231460277931347e-02
1.798431292145608040e-02
1.547231460277931347e-02
1.798431292145608040e-02
1.484431502310989970e-02
1.547231460277931347e-02
1.672831376211725285e-02
1.924031208079401978e-02
1.735631334178666663e-02
1.986831166046254538e-02
1.924031208079401978e-02
1.924031208079401978e-02
1.986831166046254538e-02
1.986831166046254538e-02
2.049631124013195915e-02
2.049631124013195915e-02
1.861231250112460600e-02
2.112431081980137293e-02
2.049631124013195915e-02
2.112431081980137293e-02
1.986831166046254538e-02
2.112431081980137293e-02
2.112431081980137293e-02
1.986831166046254538e-02
2.112431081980137293e-02
2.238030997913931230e-02
2.238030997913931230e-02
2.049631124013195915e-02
2.175231039946989853e-02
2.175231039946989853e-02
2.300830955880872608e-02
2.238030997913931230e-02
1.735631334178666663e-02
2.175231039946989853e-02
2.049631124013195915e-02
2.112431081980137293e-02
2.238030997913931230e-02
2.426430871814666546e-02
2.300830955880872608e-02
2.175231039946989853e-02
2.300830955880872608e-02
2.489230829781519105e-02
2.238030997913931230e-02
2.112431081980137293e-02
2.112431081980137293e-02
2.300830955880872608e-02
2.112431081980137293e-02
1.924031208079401978e-02
2.300830955880872608e-02
2.300830955880872608e-02
2.049631124013195915e-02
2.112431081980137293e-02
2.238030997913931230e-02
2.175231039946989853e-02
2.175231039946989853e-02
1.924031208079401978e-02
1.986831166046254538e-02
2.175231039946989853e-02
1.986831166046254538e-02
1.924031208079401978e-02
1.986831166046254538e-02
1.986831166046254538e-02
1.924031208079401978e-02
1.547231460277931347e-02
1.798431292145608040e-02
1.798431292145608040e-02
1.735631334178666663e-02
1.735631334178666663e-02
1.735631334178666663e-02
1.735631334178666663e-02
1.672831376211725285e-02
1.672831376211725285e-02
1.484431502310989970e-02
1.421631544344137410e-02
1.296031628410343473e-02
1.735631334178666663e-02
1.421631544344137410e-02
1.484431502310989970e-02
1.296031628410343473e-02
1.484431502310989970e-02
1.484431502310989970e-02
1.296031628410343473e-02
1.358831586377196032e-02
1.421631544344137410e-02
1.044831796542666780e-02
1.233231670443402095e-02
1.233231670443402095e-02
1.170431712476460717e-02
1.233231670443402095e-02
1.233231670443402095e-02
1.044831796542666780e-02
1.044831796542666780e-02
1.233231670443402095e-02
9.192318806088728422e-03
9.820318385757254021e-03
1.107631754509608157e-02
1.044831796542666780e-02
9.820318385757254021e-03
7.308320067081375271e-03
8.564319226419314646e-03
6.052320907743435896e-03
9.192318806088728422e-03
7.936319646750789047e-03
1.044831796542666780e-02
6.052320907743435896e-03
8.564319226419314646e-03
6.052320907743435896e-03
4.168322168736082745e-03
5.424321328074022119e-03
7.308320067081375271e-03
4.168322168736082745e-03
5.424321328074022119e-03
5.424321328074022119e-03
4.796321748404608343e-03
4.796321748404608343e-03
2.284323429728729593e-03
4.168322168736082745e-03
4.168322168736082745e-03
2.912323009397255191e-03
2.912323009397255191e-03
2.912323009397255191e-03
5.424321328074022119e-03
4.003246907213764416e-04
1.028324270390790218e-03
4.003246907213764416e-04
2.912323009397255191e-03
2.284323429728729593e-03
4.003246907213764416e-04
2.912323009397255191e-03
1.028324270390790218e-03
2.912323009397255191e-03
4.003246907213764416e-04
2.284323429728729593e-03
1.028324270390790218e-03
1.656323850059315816e-03
1.656323850059315816e-03
2.912323009397255191e-03
2.912323009397255191e-03
1.028324270390790218e-03
4.168322168736082745e-03
4.003246907213764416e-04
1.028324270390790218e-03
4.003246907213764416e-04
5.424321328074022119e-03
-2.111673627955390486e-03
4.003246907213764416e-04
1.028324270390790218e-03
3.540322589066668968e-03
4.003246907213764416e-04
1.028324270390790218e-03
1.028324270390790218e-03
5.424321328074022119e-03
5.424321328074022119e-03
4.003246907213764416e-04
2.912323009397255191e-03
4.168322168736082745e-03
2.912323009397255191e-03
2.912323009397255191e-03
5.424321328074022119e-03
5.424321328074022119e-03
5.424321328074022119e-03
4.168322168736082745e-03
5.424321328074022119e-03
4.796321748404608343e-03
6.052320907743435896e-03
5.424321328074022119e-03
5.424321328074022119e-03
5.424321328074022119e-03
5.424321328074022119e-03
5.424321328074022119e-03
8.564319226419314646e-03
7.308320067081375271e-03
4.796321748404608343e-03
6.052320907743435896e-03
1.044831796542666780e-02
7.936319646750789047e-03
5.424321328074022119e-03
6.680320487411961494e-03
9.820318385757254021e-03
7.308320067081375271e-03
8.564319226419314646e-03
9.820318385757254021e-03
7.936319646750789047e-03
1.233231670443402095e-02
9.820318385757254021e-03
1.044831796542666780e-02
1.044831796542666780e-02
9.192318806088728422e-03
1.107631754509608157e-02
1.296031628410343473e-02
1.296031628410343473e-02
1.107631754509608157e-02
1.044831796542666780e-02
1.296031628410343473e-02
1.484431502310989970e-02
1.296031628410343473e-02
1.170431712476460717e-02
1.358831586377196032e-02
1.610031418244872725e-02
1.421631544344137410e-02
1.296031628410343473e-02
1.610031418244872725e-02
1.421631544344137410e-02
1.547231460277931347e-02
1.735631334178666663e-02
1.672831376211725285e-02
1.547231460277931347e-02
1.735631334178666663e-02
1.798431292145608040e-02
1.735631334178666663e-02
1.610031418244872725e-02
1.672831376211725285e-02
1.986831166046254538e-02
1.924031208079401978e-02
1.986831166046254538e-02
2.112431081980137293e-02
1.798431292145608040e-02
1.924031208079401978e-02
2.049631124013195915e-02
1.986831166046254538e-02
1.986831166046254538e-02
1.986831166046254538e-02
2.049631124013195915e-02
2.049631124013195915e-02
2.112431081980137293e-02
2.049631124013195915e-02
2.175231039946989853e-02
2.175231039946989853e-02
2.175231039946989853e-02
2.112431081980137293e-02
2.238030997913931230e-02
2.300830955880872608e-02
1.986831166046254538e-02
2.363630913847725168e-02
2.112431081980137293e-02
2.300830955880872608e-02
2.112431081980137293e-02
2.300830955880872608e-02
2.300830955880872608e-02
2.300830955880872608e-02
1.986831166046254538e-02
2.049631124013195915e-02
2.489230829781519105e-02
1.924031208079401978e-02
2.300830955880872608e-02
2.175231039946989853e-02
2.238030997913931230e-02
2.175231039946989853e-02
2.049631124013195915e-02
2.112431081980137293e-02
2.175231039946989853e-02
1.924031208079401978e-02
2.049631124013195915e-02
2.300830955880872608e-02
1.986831166046254538e-02
1.986831166046254538e-02
2.112431081980137293e-02
2.049631124013195915e-02
1.986831166046254538e-02
1.924031208079401978e-02
2.049631124013195915e-02
1.924031208079401978e-02
1.861231250112460600e-02
2.049631124013195915e-02
2.049631124013195915e-02
1.924031208079401978e-02
1.610031418244872725e-02
1.484431502310989970e-02
1.798431292145608040e-02
1.798431292145608040e-02
1.735631334178666663e-02
1.610031418244872725e-02
1.484431502310989970e-02
1.672831376211725285e-02
1.421631544344137410e-02
1.421631544344137410e-02
1.547231460277931347e-02
1.358831586377196032e-02
1.421631544344137410e-02
1.233231670443402095e-02
1.296031628410343473e-02
1.421631544344137410e-02
1.421631544344137410e-02
1.233231670443402095e-02
1.296031628410343473e-02
1.358831586377196032e-02
1.044831796542666780e-02
1.044831796542666780e-02
1.107631754509608157e-02
1.296031628410343473e-02
9.820318385757254021e-03
7.936319646750789047e-03
1.044831796542666780e-02
7.308320067081375271e-03
1.044831796542666780e-02
7.936319646750789047e-03
9.192318806088728422e-03
7.308320067081375271e-03
6.680320487411961494e-03
6.680320487411961494e-03
7.936319646750789047e-03
7.308320067081375271e-03
6.052320907743435896e-03
5.424321328074022119e-03
2.912323009397255191e-03
5.424321328074022119e-03
5.424321328074022119e-03
4.168322168736082745e-03
5.424321328074022119e-03
2.912323009397255191e-03
5.424321328074022119e-03
6.052320907743435896e-03
1.656323850059315816e-03
2.284323429728729593e-03
2.912323009397255191e-03
5.424321328074022119e-03
3.540322589066668968e-03
1.656323850059315816e-03
2.912323009397255191e-03
4.796321748404608343e-03
2.284323429728729593e-03
2.284323429728729593e-03
1.028324270390790218e-03
3.540322589066668968e-03
1.656323850059315816e-03
4.003246907213764416e-04
2.284323429728729593e-03
2.912323009397255191e-03
2.284323429728729593e-03
4.003246907213764416e-04
1.656323850059315816e-03
1.656323850059315816e-03
2.284323429728729593e-03
1.656323850059315816e-03
2.912323009397255191e-03
2.284323429728729593e-03
1.028324270390790218e-03
4.003246907213764416e-04
2.912323009397255191e-03
2.284323429728729593e-03
4.003246907213764416e-04
4.003246907213764416e-04
1.656323850059315816e-03
2.912323009397255191e-03
-2.111673627955390486e-03
2.284323429728729593e-03
2.284323429728729593e-03
2.912323009397255191e-03
4.003246907213764416e-04
2.912323009397255191e-03
2.912323009397255191e-03
1.656323850059315816e-03
2.284323429728729593e-03
4.168322168736082745e-03
4.168322168736082745e-03
2.912323009397255191e-03
2.912323009397255191e-03
5.424321328074022119e-03
4.168322168736082745e-03
2.284323429728729593e-03
3.540322589066668968e-03
5.424321328074022119e-03
4.796321748404608343e-03
2.912323009397255191e-03
3.540322589066668968e-03
5.424321328074022119e-03
6.052320907743435896e-03
5.424321328074022119e-03
6.052320907743435896e-03
6.052320907743435896e-03
9.820318385757254021e-03
7.308320067081375271e-03
7.308320067081375271e-03
9.192318806088728422e-03
7.308320067081375271e-03
7.936319646750789047e-03
7.308320067081375271e-03
7.936319646750789047e-03
1.044831796542666780e-02
9.820318385757254021e-03
7.308320067081375271e-03
8.564319226419314646e-03
1.296031628410343473e-02
9.192318806088728422e-03
9.820318385757254021e-03
1.044831796542666780e-02
1.233231670443402095e-02
1.170431712476460717e-02
1.107631754509608157e-02
1.296031628410343473e-02
1.296031628410343473e-02
1.484431502310989970e-02
1.170431712476460717e-02
1.358831586377196032e-02
1.547231460277931347e-02
1.421631544344137410e-02
1.233231670443402095e-02
1.484431502310989970e-02
1.735631334178666663e-02
1.484431502310989970e-02
1.484431502310989970e-02
1.672831376211725285e-02
1.924031208079401978e-02
1.735631334178666663e-02
1.547231460277931347e-02
1.735631334178666663e-02
1.735631334178666663e-02
1.735631334178666663e-02
1.735631334178666663e-02
1.924031208079401978e-02
2.049631124013195915e-02
1.735631334178666663e-02
1.861231250112460600e-02
2.112431081980137293e-02
2.049631124013195915e-02
1.924031208079401978e-02
2.049631124013195915e-02
2.112431081980137293e-02
1.924031208079401978e-02
1.924031208079401978e-02
2.049631124013195915e-02
2.300830955880872608e-02
2.049631124013195915e-02
2.049631124013195915e-02
2.112431081980137293e-02
2.426430871814666546e-02
2.049631124013195915e-02
2.049631124013195915e-02
2.112431081980137293e-02
2.175231039946989853e-02
2.175231039946989853e-02
1.986831166046254538e-02
2.238030997913931230e-02
2.238030997913931230e-02
2.238030997913931230e-02
2.175231039946989853e-02
2.300830955880872608e-02
2.112431081980137293e-02
1.986831166046254538e-02
2.238030997913931230e-02
2.112431081980137293e-02
2.112431081980137293e-02
1.924031208079401978e-02
2.175231039946989853e-02
2.363630913847725168e-02
2.175231039946989853e-02
2.049631124013195915e-02
2.049631124013195915e-02
2.049631124013195915e-02
2.049631124013195915e-02
2.112431081980137293e-02
2.049631124013195915e-02
2.175231039946989853e-02
1.986831166046254538e-02
1.986831166046254538e-02
2.049631124013195915e-02
2.175231039946989853e-02
1.986831166046254538e-02
1.986831166046254538e-02
1.924031208079401978e-02
1.986831166046254538e-02
1.986831166046254538e-02
1.672831376211725285e-02
2.049631124013195915e-02
1.924031208079401978e-02
1.798431292145608040e-02
1.672831376211725285e-02
1.610031418244872725e-02
1.484431502310989970e-02
1.610031418244872725e-02
1.547231460277931347e-02
1.798431292145608040e-02
1.547231460277931347e-02
1.547231460277931347e-02
1.233231670443402095e-02
1.484431502310989970e-02
1.484431502310989970e-02
1.484431502310989970e-02
1.484431502310989970e-02
1.421631544344137410e-02
1.296031628410343473e-02
1.296031628410343473e-02
1.358831586377196032e-02
1.170431712476460717e-02
1.170431712476460717e-02
1.296031628410343473e-02
1.044831796542666780e-02
1.044831796542666780e-02
1.170431712476460717e-02
1.107631754509608157e-02
1.170431712476460717e-02
1.233231670443402095e-02
1.044831796542666780e-02
7.308320067081375271e-03
7.308320067081375271e-03
9.820318385757254021e-03
7.936319646750789047e-03
6.680320487411961494e-03
8.564319226419314646e-03
8.564319226419314646e-03
7.936319646750789047e-03
7.308320067081375271e-03
5.424321328074022119e-03
6.680320487411961494e-03
4.796321748404608343e-03
4.796321748404608343e-03
6.052320907743435896e-03
2.912323009397255191e-03
5.424321328074022119e-03
2.912323009397255191e-03
4.796321748404608343e-03
7.308320067081375271e-03
4.168322168736082745e-03
1.656323850059315816e-03
2.912323009397255191e-03
5.424321328074022119e-03
4.168322168736082745e-03
2.912323009397255191e-03
2.284323429728729593e-03
1.656323850059315816e-03
5.424321328074022119e-03
2.912323009397255191e-03
-2.276748889480373350e-04
2.912323009397255191e-03
4.168322168736082745e-03
4.003246907213764416e-04
1.028324270390790218e-03
4.003246907213764416e-04
4.003246907213764416e-04
2.912323009397255191e-03
4.003246907213764416e-04
-8.556744686165629332e-04
4.168322168736082745e-03
1.656323850059315816e-03
1.028324270390790218e-03
4.003246907213764416e-04
4.003246907213764416e-04
1.028324270390790218e-03
2.912323009397255191e-03
4.003246907213764416e-04
4.003246907213764416e-04
3.540322589066668968e-03
4.003246907213764416e-04
2.912323009397255191e-03
4.003246907213764416e-04
2.284323429728729593e-03
2.284323429728729593e-03
2.284323429728729593e-03
2.284323429728729593e-03
2.912323009397255191e-03
2.284323429728729593e-03
4.003246907213764416e-04
5.424321328074022119e-03
2.284323429728729593e-03
2.912323009397255191e-03
2.284323429728729593e-03
4.168322168736082745e-03
4.796321748404608343e-03
2.284323429728729593e-03
4.168322168736082745e-03
5.424321328074022119e-03
5.424321328074022119e-03
4.168322168736082745e-03
5.424321328074022119e-03
5.424321328074022119e-03
5.424321328074022119e-03
4.168322168736082745e-03
4.168322168736082745e-03
6.052320907743435896e-03
6.052320907743435896e-03
7.308320067081375271e-03
6.680320487411961494e-03
5.424321328074022119e-03
1.044831796542666780e-02
7.308320067081375271e-03
7.936319646750789047e-03
7.936319646750789047e-03
1.107631754509608157e-02
9.820318385757254021e-03
9.192318806088728422e-03
9.820318385757254021e-03
1.107631754509608157e-02
9.820318385757254021e-03
9.820318385757254021e-03
1.044831796542666780e-02
1.233231670443402095e-02
1.233231670443402095e-02
1.233231670443402095e-02
1.233231670443402095e-02
1.233231670443402095e-02
1.296031628410343473e-02
1.233231670443402095e-02
1.233231670443402095e-02
1.547231460277931347e-02
1.610031418244872725e-02
1.547231460277931347e-02
1.107631754509608157e-02
1.484431502310989970e-02
1.735631334178666663e-02
1.484431502310989970e-02
1.610031418244872725e-02
1.421631544344137410e-02
1.924031208079401978e-02
1.672831376211725285e-02
1.672831376211725285e-02
1.672831376211725285e-02
1.798431292145608040e-02
1.861231250112460600e-02
1.735631334178666663e-02
1.735631334178666663e-02
2.049631124013195915e-02
1.986831166046254538e-02
1.861231250112460600e-02
1.924031208079401978e-02
2.175231039946989853e-02
1.924031208079401978e-02
1.924031208079401978e-02
2.049631124013195915e-02
2.112431081980137293e-02
2.049631124013195915e-02
2.049631124013195915e-02
2.049631124013195915e-02
2.300830955880872608e-02
2.175231039946989853e-02
2.238030997913931230e-02
2.049631124013195915e-02
2.175231039946989853e-02
2.238030997913931230e-02
2.238030997913931230e-02
2.175231039946989853e-02
2.112431081980137293e-02
2.238030997913931230e-02
1.986831166046254538e-02
2.300830955880872608e-02
2.049631124013195915e-02
2.112431081980137293e-02
2.300830955880872608e-02
2.300830955880872608e-02
2.426430871814666546e-02
1.986831166046254538e-02
2.300830955880872608e-02
2.238030997913931230e-02
2.300830955880872608e-02
2.049631124013195915e-02
2.112431081980137293e-02
2.112431081980137293e-02
2.238030997913931230e-02
2.175231039946989853e-02
2.049631124013195915e-02
2.112431081980137293e-02
1.986831166046254538e-02
2.112431081980137293e-02
2.049631124013195915e-02
1.924031208079401978e-02
2.049631124013195915e-02
1.861231250112460600e-02
2.049631124013195915e-02
1.798431292145608040e-02
1.924031208079401978e-02
2.049631124013195915e-02
1.924031208079401978e-02
1.861231250112460600e-02
1.672831376211725285e-02
1.924031208079401978e-02
1.798431292145608040e-02
1.798431292145608040e-02
1.610031418244872725e-02
1.610031418244872725e-02
1.924031208079401978e-02
1.735631334178666663e-02
1.547231460277931347e-02
1.610031418244872725e-02
1.547231460277931347e-02
1.735631334178666663e-02
1.735631334178666663e-02
1.484431502310989970e-02
1.421631544344137410e-02
1.547231460277931347e-02
1.484431502310989970e-02
1.358831586377196032e-02
1.421631544344137410e-02
1.484431502310989970e-02
1.107631754509608157e-02
1.484431502310989970e-02
1.296031628410343473e-02
1.107631754509608157e-02
1.296031628410343473e-02
1.107631754509608157e-02
1.107631754509608157e-02
9.820318385757254021e-03
7.936319646750789047e-03
1.044831796542666780e-02
1.233231670443402095e-02
6.052320907743435896e-03
7.308320067081375271e-03
6.052320907743435896e-03
