-5.028620309299286717e+00
-5.036156304255315241e+00
-5.036784303834984655e+00
-5.038040302994322595e+00
-5.031760307197632009e+00
-5.017944316444912012e+00
-5.002244326953184661e+00
-4.982776339983443492e+00
-4.956400357637342324e+00
-4.921860380755542330e+00
-4.887948403453411750e+00
-4.846500431195252645e+00
-4.800028462299740895e+00
-4.747904497187207085e+00
-4.695152532495003861e+00
-4.633608573687434173e+00
-4.570180616140856245e+00
-4.501100662377258033e+00
-4.426996711976306287e+00
-4.347868764938001895e+00
-4.265600820001352211e+00
-4.180820876746025760e+00
-4.090388937273678138e+00
-3.993677002004639487e+00
-3.895709067576262896e+00
-3.797741133147885861e+00
-3.685957207966789717e+00
-3.577941280263707391e+00
-3.463645356763934480e+00
-3.350605432423499508e+00
-3.226261515649021305e+00
-3.102545598454212517e+00
-2.976945682520395930e+00
-2.849461767847572435e+00
-2.715069857798388941e+00
-2.578793949010198094e+00
-2.443774039381345187e+00
-2.304986132274478461e+00
-2.162430227689596585e+00
-2.016106325626700446e+00
-1.871038422723142691e+00
-1.722830521921239200e+00
-1.572110622800659829e+00
-1.419506724941072662e+00
-1.266902827081485938e+00
-1.113670929642229801e+00
-9.585550334639663106e-01
-8.015551385466963552e-01
-6.426712448904181585e-01
-4.881833482918240819e-01
-3.286714550558773595e-01
-1.710435605589379904e-01
-1.090366774332185429e-02
1.486082254926248680e-01
3.056081204098948234e-01
4.644920140661730201e-01
6.240039073021197424e-01
7.766078051617064659e-01
9.354916988179846626e-01
1.093119593314924032e+00
1.246351490754180169e+00
1.400839387352774246e+00
1.554071284792030383e+00
1.704791183912609753e+00
1.851743085555174417e+00
1.998066987618070556e+00
2.143762890101298169e+00
2.288202793425186954e+00
2.426990700532053680e+00
2.565778607638921294e+00
2.702054516427112141e+00
2.837074426055964160e+00
2.964558340728787655e+00
3.093926254140619392e+00
3.215758172596419939e+00
3.338846090211561091e+00
3.456910011189348708e+00
3.573717933007797498e+00
3.682989859870216875e+00
3.791633787152969504e+00
3.893997718639029770e+00
3.994477651386082684e+00
4.089305587916113538e+00
4.183505524866475866e+00
4.270169466860808782e+00
4.353693410956797294e+00
4.431565358835763746e+00
4.508809307135059896e+00
4.580401259217335763e+00
4.645085215923250743e+00
4.705373175571482491e+00
4.761893137741699533e+00
4.816529101172910998e+00
4.864257069227761576e+00
4.905705041485919793e+00
4.944013015845733605e+00
4.976668993988527134e+00
5.003672975914296828e+00
5.027536959941722117e+00
5.045120948172456821e+00
5.058308939345506516e+00
5.068356932620211808e+00
5.068356932620211808e+00
5.069612931779550635e+00
5.063332935982860050e+00
5.048260946070801225e+00
5.031932956999405349e+00
5.013720969189002119e+00
4.986716987263232426e+00
4.954061009120438897e+00
4.915753034760625084e+00
4.876189061241472444e+00
4.830973091505299521e+00
4.779477125972434237e+00
4.722329164222548670e+00
4.665809202052331628e+00
4.601125245346414872e+00
4.531417292003148134e+00
4.458569340761533439e+00
4.381325392462237289e+00
4.299685447105256131e+00
4.212393505531252913e+00
4.120077567319897938e+00
4.024621631210198558e+00
3.929165695100497402e+00
3.828057762773775963e+00
3.718157836331686283e+00
3.608257909889596604e+00
3.493961986389823693e+00
3.379666062890050782e+00
3.258462144013918760e+00
3.135374226398777608e+00
3.008518311305623527e+00
2.879778397473462093e+00
2.747270486163285952e+00
2.610366577795425691e+00
2.474090669007234844e+00
2.332790763581691351e+00
2.191490858156147858e+00
2.048934953571266426e+00
1.900099053189694409e+00
1.752519151967459443e+00
1.600543253687542133e+00
1.451707353305969228e+00
1.297219456707375151e+00
1.142731560108781075e+00
9.876156639305184726e-01
8.318717681725855684e-01
6.761278724146535524e-01
5.178719783380447694e-01
3.571040859427601077e-01
1.988481918661513248e-01
4.247629652854989502e-02
-1.195475950260735942e-01
-2.765474899433435496e-01
-4.360593831792902719e-01
-5.918032789372231761e-01
-7.481751742748246059e-01
-9.070590679311019144e-01
-1.062174964109365405e+00
-1.217290860287628451e+00
-1.368638758987877235e+00
-1.523126655586471312e+00
-1.674474554286720096e+00
-1.820798456349616234e+00
-1.968378357571850312e+00
-2.112818260895739098e+00
-2.256002165060289943e+00
-2.396674070906164467e+00
-2.536089977592700606e+00
-2.669853888062214686e+00
-2.805501797270736564e+00
-2.934869710682567412e+00
-3.063609624514729290e+00
-3.186697542129869554e+00
-3.307901461006002020e+00
-3.427221381143127577e+00
-3.542145304222569457e+00
-3.653301229823997076e+00
-3.760061158367741019e+00
-3.863681089013139669e+00
-3.962905022600854643e+00
-4.060244957449562264e+00
-4.150048897342241361e+00
-4.237340838916243690e+00
-4.323376781330907193e+00
-4.403760727528549523e+00
-4.477864677929501269e+00
-4.546316632113431844e+00
-4.612256587978684763e+00
-4.676312545104931218e+00
-4.730948508536141794e+00
-4.783700473228345018e+00
-4.830172442123856769e+00
-4.875388411860030580e+00
-4.913696386219844392e+00
-4.944468365623629680e+00
-4.970216348390062322e+00
-4.995336331576825550e+00
-5.016688317285574072e+00
-5.025480311400941424e+00
-5.034272305516307888e+00
-5.040552301312999361e+00
-5.039924301733329948e+00
-5.031760307197632009e+00
-5.018572316024581426e+00
-5.002872326532854075e+00
-4.984660338722450845e+00
-4.955144358478003497e+00
-4.923116379914881158e+00
-4.884808405555066457e+00
-4.846500431195252645e+00
-4.801912461038748248e+00
-4.749160496346545024e+00
-4.693896533335665922e+00
-4.633608573687434173e+00
-4.571436615300195072e+00
-4.498588664058581266e+00
-4.428880710715313640e+00
-4.351008762836347188e+00
-4.268740817899697504e+00
-4.180192877166357235e+00
-4.089132938114340199e+00
-3.997444999482653749e+00
-3.898221065894938775e+00
-3.795229134829209983e+00
-3.687841206705796626e+00
-3.579197279423045330e+00
-3.466785354662279772e+00
-3.348721433684492155e+00
-3.228145514388028658e+00
-3.106313595932226779e+00
-2.980085680418741223e+00
-2.850089767427241405e+00
-2.716953856537395851e+00
-2.583817945647550740e+00
-2.448798036018697832e+00
-2.306870131013485370e+00
-2.163058227269265998e+00
-2.020502322684384122e+00
-1.874806420201157398e+00
-1.725342520239915522e+00
-1.572110622800659829e+00
-1.422646722839418398e+00
-1.270670824559500200e+00
-1.118066926699913921e+00
-9.598110326233051381e-01
-8.034391372857037084e-01
-6.458112427887643392e-01
-4.894393474511629094e-01
-3.299274542152152989e-01
-1.716715601386074042e-01
-1.215966690266068184e-02
1.448402280146101617e-01
3.062361199895642372e-01
4.644920140661730201e-01
6.202359098241050361e-01
7.784918039007138191e-01
9.348636992383152489e-01
1.091863594155586092e+00
1.245095491594841342e+00
1.398955388613766893e+00
1.551559286473353616e+00
1.701023186434595047e+00
1.852999084714513245e+00
1.997438988038402030e+00
2.142506890941959341e+00
2.285062795526841661e+00
2.426990700532053680e+00
2.564522608479582466e+00
2.700170517688104788e+00
2.834562427737288282e+00
2.965814339888126483e+00
3.092670254981280564e+00
3.215758172596419939e+00
3.337590091052222263e+00
3.456282011609678406e+00
3.568065936790775439e+00
3.680477861551540997e+00
3.788493789254623323e+00
3.893997718639029770e+00
3.993849651806412382e+00
4.087421589177106185e+00
4.180993526547799988e+00
4.270169466860808782e+00
4.354949410116136121e+00
4.433449357574771099e+00
4.506297308816384017e+00
4.576633261739321057e+00
4.644457216343582218e+00
4.706629174730821319e+00
4.760009139002693956e+00
4.815901101593240696e+00
4.863629069648091274e+00
4.905077041906251267e+00
4.941501017527057726e+00
4.974784995249519781e+00
5.004300975493965353e+00
5.026908960362053591e+00
5.047004946911464174e+00
5.058936938925176818e+00
5.065216934721867403e+00
5.070240931359219161e+00
5.069612931779550635e+00
5.063332935982860050e+00
5.049516945230140053e+00
5.034444955318081227e+00
5.013092969609333593e+00
4.984832988524225073e+00
4.952805009961101845e+00
4.918893032658971265e+00
4.878073059980479798e+00
4.830345091925630996e+00
4.778849126392765712e+00
4.726725161280231902e+00
4.667693200791337205e+00
4.599869246187077820e+00
4.530789292423477832e+00
4.457313341602196388e+00
4.381325392462237289e+00
4.297801448366248778e+00
4.211137506371915862e+00
4.121961566058905291e+00
4.027761629108542962e+00
3.926653696781821523e+00
3.824917764875429782e+00
3.720669834650362162e+00
3.608257909889596604e+00
3.494589985969492218e+00
3.379666062890050782e+00
3.259090143593587285e+00
3.134746226819109083e+00
3.008518311305623527e+00
2.878522398314123265e+00
2.747898485742954477e+00
2.612878576114102458e+00
2.474090669007234844e+00
2.335930761480036644e+00
2.192746857315486686e+00
2.047050954832259073e+00
1.900727052769362935e+00
1.753147151547128857e+00
1.604939250745225365e+00
1.449823354566962763e+00
1.297847456287044565e+00
1.145871558007126367e+00
9.894996626695249375e-01
8.337557669115929215e-01
6.780118711536609055e-01
5.184999779177141832e-01
3.571040859427601077e-01
2.013601901848272036e-01
4.247629652854989502e-02
-1.170355967073968273e-01
-2.765474899433435496e-01
-4.329193852809449794e-01
-5.930592780965611155e-01
-7.475471746951551921e-01
-9.064310683514325007e-01
-1.062802963689033930e+00
-1.216034861128290068e+00
-1.367382759828538852e+00
-1.521242656847463959e+00
-1.673846554707051126e+00
-1.820170456769947265e+00
-1.967122358412512373e+00
-2.112818260895739098e+00
-2.256630164639958913e+00
-2.397302070485833436e+00
-2.534833978433362223e+00
-2.671109887221553070e+00
-2.805501797270736564e+00
-2.933613711523229473e+00
-3.061725625775721937e+00
-3.185441542970531170e+00
-3.307901461006002020e+00
-3.423453383665113314e+00
-3.539633305903893579e+00
-3.652673230244328106e+00
-3.759433158788072049e+00
-3.859913091535124963e+00
-3.962277023021185229e+00
-4.057732959130886385e+00
-4.151932896081247826e+00
-4.236712839336574277e+00
-4.320236783432561900e+00
-4.401876728789543058e+00
-4.474096680451487451e+00
-4.546316632113431844e+00
-4.612884587558354177e+00
-4.675056545945593278e+00
-4.732204507695479734e+00
-4.782444474069006191e+00
-4.830800441703525294e+00
-4.875388411860030580e+00
-4.911184387901168513e+00
-4.943212366464291740e+00
-4.972728346708738201e+00
-4.996592330736163490e+00
-5.014176318966897306e+00
-5.026736310560279364e+00
-5.036784303834984655e+00
-5.038040302994322595e+00
-5.036784303834984655e+00
-5.031760307197632009e+00
-5.018572316024581426e+00
-5.002244326953184661e+00
-4.984660338722450845e+00
-4.955772358057672911e+00
-4.923744379494549683e+00
-4.886064404714405285e+00
-4.847128430774922059e+00
-4.800028462299740895e+00
-4.748532496766875610e+00
-4.695152532495003861e+00
-4.636748571585779466e+00
-4.570808615720525658e+00
-4.501728661956926558e+00
-4.429508710294982166e+00
-4.349752763677009249e+00
-4.267484818740359565e+00
-4.182704875485033114e+00
-4.092272936012685491e+00
-3.998072999062323163e+00
-3.898221065894938775e+00
-3.796485133988547922e+00
-3.689097205865135010e+00
-3.581081278162052683e+00
-3.466157355082610803e+00
-3.349977432843830538e+00
-3.230029513127036012e+00
-3.105057596772888839e+00
-2.980713679998410637e+00
-2.851973766166248758e+00
-2.720093854435741587e+00
-2.583189946067881770e+00
-2.445658038120352540e+00
-2.306242131433816400e+00
-2.163058227269265998e+00
-2.019874323104715153e+00
-1.873550421041819014e+00
-1.725342520239915522e+00
-1.575250620699005122e+00
-1.420134724520742076e+00
-1.270670824559500200e+00
-1.118066926699913921e+00
-9.604390322029736637e-01
-8.034391372857037084e-01
-6.483232411074402179e-01
-4.894393474511629094e-01
-3.311834533745541265e-01
-1.716715601386074042e-01
-1.278766648232920744e-02
1.460962271739481011e-01
3.024681225115495309e-01
4.626080153271656670e-01
6.202359098241050361e-01
7.784918039007138191e-01
9.336077000789773095e-01
1.088723596257239912e+00
1.243211492855834877e+00
1.397699389454428953e+00
1.550303287314015677e+00
1.701023186434595047e+00
1.849231087236498539e+00
1.998694987197739970e+00
2.141250891782621402e+00
2.281922797628495481e+00
2.424478702213377801e+00
2.563266609320244527e+00
2.700170517688104788e+00
2.830794430259273575e+00
2.963930341149119130e+00
3.090786256242273211e+00
3.214502173437082888e+00
3.337590091052222263e+00
3.455026012450341355e+00
3.569949935529782792e+00
3.680477861551540997e+00
3.787237790095284495e+00
3.889601721581344762e+00
3.992593652647075331e+00
4.087421589177106185e+00
4.179737527388461160e+00
4.267657468542132904e+00
4.353065411377128768e+00
4.431565358835763746e+00
4.503785310497708139e+00
4.576633261739321057e+00
4.642573217604574864e+00
4.706001175151152793e+00
4.761265138162031008e+00
4.813389103274564818e+00
4.862373070488754223e+00
4.905705041485919793e+00
4.941501017527057726e+00
4.973528996090180954e+00
5.002416976754958000e+00
5.028792959101060944e+00
5.044492948592786519e+00
5.057052940186169465e+00
5.067728933040543282e+00
5.071496930518557988e+00
5.069612931779550635e+00
5.060192938084513870e+00
5.049516945230140053e+00
5.034444955318081227e+00
5.013720969189002119e+00
4.985460988103893598e+00
4.954061009120438897e+00
4.918893032658971265e+00
4.877445060400811272e+00
4.830973091505299521e+00
4.778849126392765712e+00
4.725469162120893074e+00
4.665809202052331628e+00
4.599869246187077820e+00
4.530789292423477832e+00
4.459197340341203741e+00
4.383837390780913168e+00
4.299685447105256131e+00
4.211765505951584387e+00
4.121333566479236765e+00
4.029017628267881790e+00
3.928537695520828876e+00
3.823661765716092731e+00
3.721925833809700990e+00
3.610141908628603957e+00
3.497101984288169874e+00
3.381550061629058135e+00
3.260346142752926113e+00
3.137886224717455264e+00
3.009774310464962355e+00
2.879778397473462093e+00
2.748526485322623891e+00
2.612878576114102458e+00
2.478486666064918964e+00
2.334046762741029291e+00
2.194630856054493151e+00
2.052702951049281133e+00
1.903867050667708227e+00
1.752519151967459443e+00
1.604939250745225365e+00
1.454219351624645995e+00
1.299103455446382505e+00
1.145871558007126367e+00
9.920116609882017045e-01
8.343837664912623353e-01
6.767558719943229661e-01
5.191279774973827088e-01
3.621280825801127534e-01
2.045001880831733843e-01
4.247629652854989502e-02
-1.132675992293821210e-01
-2.727794924653288433e-01
-4.316633861216070400e-01
-5.892912806185464092e-01
-7.481751742748246059e-01
-9.045470696124260357e-01
-1.060918964950027465e+00
-1.216034861128290068e+00
-1.366126760669200912e+00
-1.521242656847463959e+00
-1.670078557229036420e+00
-1.817658458451270942e+00
-1.963982360514166636e+00
-2.111562261736401158e+00
-2.253490166741613621e+00
-2.394162072587488144e+00
-2.532949979694354870e+00
-2.671737886801222039e+00
-2.801105800213052888e+00
-2.933613711523229473e+00
-3.059213627457045614e+00
-3.183557544231523817e+00
-3.305389462687325697e+00
-3.424709382824451254e+00
-3.539005306324224165e+00
-3.650161231925651784e+00
-3.757549160049064696e+00
-3.860541091114794376e+00
-3.960393024282177876e+00
-4.057732959130886385e+00
-4.149420897762571947e+00
-4.239852837234919569e+00
-4.320864783012231314e+00
-4.398736730891197766e+00
-4.475352679610825390e+00
-4.546944631693100369e+00
-4.612256587978684763e+00
-4.674428546365923864e+00
-4.730320508956472381e+00
-4.783700473228345018e+00
-4.828288443384849415e+00
-4.874132412700692640e+00
-4.913696386219844392e+00
-4.943212366464291740e+00
-4.973356346288407615e+00
-4.995336331576825550e+00
-5.016060317705904659e+00
-5.028620309299286717e+00
-5.036156304255315241e+00
-5.038668302573992008e+00
-5.038668302573992008e+00
-5.029248308878955243e+00
-5.019200315604249951e+00
-5.003500326112523489e+00
-4.984032339142781431e+00
-4.953888359318665557e+00
-4.922488380335211744e+00
-4.887948403453411750e+00
-4.847128430774922059e+00
-4.800656461879409420e+00
-4.749788495926214438e+00
-4.697036531234011214e+00
-4.636120572006110052e+00
-4.570808615720525658e+00
-4.502984661116265386e+00
-4.428880710715313640e+00
-4.350380763256677774e+00
-4.268112818320028090e+00
-4.182704875485033114e+00
-4.091644936433016078e+00
-3.998072999062323163e+00
-3.900733064213615542e+00
-3.796485133988547922e+00
-3.689725205444803979e+00
-3.581709277741722097e+00
-3.468669353401287125e+00
-3.347465434525154215e+00
-3.232541511445712334e+00
-3.106941595511895748e+00
-2.980085680418741223e+00
-2.851345766586579344e+00
-2.717581856117065264e+00
-2.585701944386558093e+00
-2.447542036859359893e+00
-2.308754129752492723e+00
-2.167454224326949230e+00
-2.020502322684384122e+00
-1.874806420201157398e+00
-1.725970519819584936e+00
-1.575878620278674092e+00
-1.425786720737763691e+00
-1.271298824139169614e+00
-1.118694926279582447e+00
-9.635790301013189563e-01
-8.053231360247110615e-01
-6.483232411074402179e-01
-4.919513457698387882e-01
-3.311834533745541265e-01
-1.729275592979453435e-01
-1.529966480100597437e-02
1.423282296959342830e-01
3.024681225115495309e-01
4.607240165881583138e-01
6.202359098241050361e-01
7.734678072633611734e-01
9.310957017603005426e-01
1.090607594996247265e+00
1.241327494116827523e+00
1.394559391556082772e+00
1.549675287734346263e+00
1.699139187695587694e+00
1.849231087236498539e+00
1.996182988879064091e+00
2.141250891782621402e+00
2.283806796367502834e+00
2.421966703894701034e+00
2.562010610160906587e+00
2.698286518949097434e+00
2.830794430259273575e+00
2.962046342410111777e+00
3.090158256662604686e+00
3.215758172596419939e+00
3.335706092313214910e+00
3.451886014551995174e+00
3.569949935529782792e+00
3.681105861131209522e+00
3.787865789674954797e+00
3.890857720740683590e+00
3.991965653067406805e+00
4.087421589177106185e+00
4.179109527808792635e+00
4.267657468542132904e+00
4.351181412638121415e+00
4.429053360517086091e+00
4.506297308816384017e+00
4.576005262159652531e+00
4.644457216343582218e+00
4.703489176832475138e+00
4.761265138162031008e+00
4.812761103694896292e+00
4.860489071749746870e+00
4.903193043167243914e+00
4.940873017947389201e+00
4.974156995669849479e+00
5.003044976334628302e+00
5.025652961202714764e+00
5.043236949433449468e+00
5.058308939345506516e+00
5.067100933460874757e+00
5.068984932199882110e+00
5.068356932620211808e+00
5.062076936823521223e+00
5.049516945230140053e+00
5.034444955318081227e+00
5.013092969609333593e+00
4.987972986422569477e+00
4.956573007439116552e+00
4.918893032658971265e+00
4.877445060400811272e+00
4.833485089823975400e+00
4.783245123450448943e+00
4.726097161700563376e+00
4.667065201211668679e+00
4.602381244505753699e+00
4.532045291582816660e+00
4.457313341602196388e+00
4.381953392041905815e+00
4.300941446264594958e+00
4.213021505110923215e+00
4.122589565638575593e+00
4.029017628267881790e+00
3.929165695100497402e+00
3.826801763614437135e+00
3.720041835070693637e+00
3.612653906947279836e+00
3.497729983867838399e+00
3.380922062049389609e+00
3.260974142332594639e+00
3.137886224717455264e+00
3.010402310044630880e+00
2.881034396632800920e+00
2.749154484902292417e+00
2.614762574853108923e+00
2.477230666905580136e+00
2.337186760639375471e+00
2.194630856054493151e+00
2.051446951889943193e+00
1.903239051088039702e+00
1.753775151126798271e+00
1.606823249484232718e+00
1.456103350363653348e+00
1.301615453765059272e+00
1.147755556746133720e+00
9.920116609882017045e-01
8.368957648099382141e-01
6.792678703129988449e-01
5.197559770770521226e-01
3.621280825801127534e-01
2.057561872425113236e-01
4.624429400656460132e-02
-1.151515979683894741e-01
-2.721514928856603177e-01
-4.310353865419376262e-01
-5.886632810388778836e-01
-7.475471746951551921e-01
-9.001510725547419156e-01
-1.059662965790688638e+00
-1.212894863229944775e+00
-1.366754760248869882e+00
-1.519358658108457050e+00
-1.668194558490029067e+00
-1.818914457610608881e+00
-1.963982360514166636e+00
-2.110934262156732188e+00
-2.252862167161944651e+00
-2.393534073007818730e+00
-2.531693980535016930e+00
-2.665457891004531454e+00
-2.801105800213052888e+00
-2.933613711523229473e+00
-3.059841627036714584e+00
-3.182929544651854847e+00
-3.306017462266995111e+00
-3.425337382404120667e+00
-3.539005306324224165e+00
-3.648277233186644430e+00
-3.757549160049064696e+00
-3.861797090274132316e+00
-3.960393024282177876e+00
-4.057104959551216972e+00
-4.148792898182902533e+00
-4.239224837655250155e+00
-4.320864783012231314e+00
-4.399992730050535705e+00
-4.474724680031155977e+00
-4.546316632113431844e+00
-4.612256587978684763e+00
-4.673800546786255339e+00
-4.730320508956472381e+00
-4.784956472387682958e+00
-4.831428441283194708e+00
-4.872248413961685287e+00
-4.912440387060506453e+00
-4.945724364782967619e+00
-4.973984345868076140e+00
-4.994708331997156137e+00
-5.014804318546566719e+00
-5.027364310139948778e+00
-5.034272305516307888e+00
-5.038668302573992008e+00
-5.039296302153660534e+00
-5.031132307617962596e+00
-5.019200315604249951e+00
-5.004128325692192014e+00
-4.982776339983443492e+00
-4.955144358478003497e+00
-4.923116379914881158e+00
-4.889204402612750577e+00
-4.848384429934259998e+00
-4.801284461459078834e+00
-4.752300494244890317e+00
-4.697036531234011214e+00
-4.637376571165448880e+00
-4.571436615300195072e+00
-4.502984661116265386e+00
-4.430764709454320993e+00
-4.351008762836347188e+00
-4.269368817479366029e+00
-4.182704875485033114e+00
-4.094784934331361370e+00
-3.996189000323315810e+00
-3.900733064213615542e+00
-3.795229134829209983e+00
-3.694121202502487655e+00
-3.580453278582383714e+00
-3.470553352140294479e+00
-3.353117430742176275e+00
-3.230029513127036012e+00
-3.107569595091565162e+00
-2.980085680418741223e+00
-2.854485764484925081e+00
-2.721977853174748496e+00
-2.585073944806888679e+00
-2.449426035598367246e+00
-2.310010128911831107e+00
-2.167454224326949230e+00
-2.022386321423391475e+00
-1.876062419360495337e+00
-1.729110517717930229e+00
-1.576506619858343505e+00
-1.426414720317432661e+00
-1.273182822878176523e+00
-1.118066926699913921e+00
-9.623230309419810169e-01
-8.078351343433869403e-01
-6.495792402667781573e-01
-4.925793453495082019e-01
-3.343234512728994190e-01
-1.766955567759600498e-01
-1.655566396034391374e-02
1.429562292756028086e-01
3.012121233522115915e-01
4.594680174288203744e-01
6.189799106647670968e-01
7.784918039007138191e-01
9.323517009196384819e-01
1.084955598779226094e+00
1.241327494116827523e+00
1.395187391135752186e+00
1.547163289415670384e+00
1.697255188956580341e+00
1.846719088917821772e+00
1.994926989719725263e+00
2.139366893043614049e+00
2.281294798048826955e+00
2.421338704315032508e+00
2.562010610160906587e+00
2.695774520630420668e+00
2.829538431099935636e+00
2.962046342410111777e+00
3.088274257923597332e+00
3.212618174698075535e+00
3.333194093994539031e+00
3.452514014131663700e+00
3.567437937211106913e+00
3.677965863232865118e+00
3.786609790515615970e+00
3.892113719900022417e+00
3.989453654748729150e+00
4.085537590438098832e+00
4.178481528229124109e+00
4.267657468542132904e+00
4.351809412217789941e+00
4.429053360517086091e+00
4.504413310077376664e+00
4.576005262159652531e+00
4.641945218024906339e+00
4.704117176412145440e+00
4.761265138162031008e+00
4.814017102854233343e+00
4.859861072170076568e+00
4.902565043587575389e+00
4.942129017106726252e+00
4.976040994408856832e+00
5.004928975073635655e+00
5.023768962463707410e+00
5.045748947752125346e+00
5.058936938925176818e+00
5.066472933881204455e+00
5.068984932199882110e+00
5.068356932620211808e+00
5.063332935982860050e+00
5.049516945230140053e+00
5.033816955738412702e+00
5.011836970449994766e+00
4.986088987683562124e+00
4.955945007859446250e+00
4.918893032658971265e+00
4.877445060400811272e+00
4.832857090244306875e+00
4.783245123450448943e+00
4.726725161280231902e+00
4.667065201211668679e+00
4.602381244505753699e+00
4.533929290321824013e+00
4.459825339920872267e+00
4.380697392882566987e+00
4.299685447105256131e+00
4.215533503429599094e+00
4.123845564797912644e+00
4.028389628688213264e+00
3.931677693419173281e+00
3.828057762773775963e+00
3.723181832969038041e+00
3.612025907367611310e+00
3.498357983447506925e+00
3.380294062469719307e+00
3.263486140651270517e+00
3.139770223456462617e+00
3.009774310464962355e+00
2.883546394951476799e+00
2.752922482380307123e+00
2.614762574853108923e+00
2.477858666485249550e+00
2.338442759798713411e+00
2.195258855634162565e+00
2.052074951469611719e+00
1.905123049827047055e+00
1.755031150286136210e+00
1.606823249484232718e+00
1.457359349522991288e+00
1.302243453344727797e+00
1.149011555905472548e+00
9.932676601475396438e-01
8.394077631286149810e-01
6.824078682113441374e-01
5.222679753957280013e-01
3.627560821597812790e-01
2.038721885035039705e-01
4.687229358623312692e-02
-1.101276013310368285e-01
-2.734074920449982571e-01
-4.285233882232617475e-01
-5.848952835608631773e-01
-7.456631759561478390e-01
-9.020350712937492688e-01
-1.057778967051681285e+00
-1.211638864070606836e+00
-1.363614762350524590e+00
-1.518102658949118666e+00
-1.668822558069698481e+00
-1.818914457610608881e+00
-1.963982360514166636e+00
-2.105282265939710129e+00
-2.253490166741613621e+00
-2.392906073428149760e+00
-2.529809981796009577e+00
-2.666713890163869394e+00
-2.800477800633383918e+00
-2.930473713624883736e+00
-3.058585627877376645e+00
-3.182301545072185434e+00
-3.304761463107656727e+00
-3.425965381983789193e+00
-3.538377306744555195e+00
-3.647021234027306491e+00
-3.756921160469395726e+00
-3.859913091535124963e+00
-3.959137025122839937e+00
-4.053964961652871679e+00
-4.147536899023564594e+00
-4.236084839756904863e+00
-4.317724785113886021e+00
-4.398736730891197766e+00
-4.474096680451487451e+00
-4.545688632533762430e+00
-4.613512587138023591e+00
-4.675056545945593278e+00
-4.730948508536141794e+00
-4.784328472808013544e+00
-4.829544442544187355e+00
-4.870992414802347348e+00
-4.909928388741829686e+00
-4.943840366043960266e+00
-4.972728346708738201e+00
-4.996592330736163490e+00
-5.013548319387228780e+00
-5.027364310139948778e+00
-5.036784303834984655e+00
-5.038668302573992008e+00
-5.036156304255315241e+00
-5.031132307617962596e+00
-5.019828315183919365e+00
-5.004128325692192014e+00
-4.980264341664767613e+00
-4.957028357217010850e+00
-4.926256377813226450e+00
-4.887948403453411750e+00
-4.847756430354590584e+00
-4.803168460198086187e+00
-4.752928493824559730e+00
-4.695780532074673275e+00
-4.636748571585779466e+00
-4.572064614879863598e+00
-4.505496659434941265e+00
-4.431392709033989519e+00
-4.351636762416016602e+00
-4.269996817059035443e+00
-4.183960874644371053e+00
-4.093528935172023431e+00
-3.998072999062323163e+00
