-4.339704770402303957e+00
-4.227292845641537511e+00
-4.112368922562096074e+00
-3.994305001584308457e+00
-3.869961084809830254e+00
-3.741849170557337789e+00
-3.614993255464183264e+00
-3.479345346255661386e+00
-3.345581435786146862e+00
-3.203025531201265430e+00
-3.054189630819692969e+00
-2.909121727916135214e+00
-2.762169826273570106e+00
-2.607681929674975585e+00
-2.451938033917043569e+00
-2.293682139840434786e+00
-2.135426245763826003e+00
-1.973402354209202958e+00
-1.809494463915572560e+00
-1.641818576143927899e+00
-1.476654686690959117e+00
-1.303326802702292841e+00
-1.136906914089985676e+00
-9.616950313623124913e-01
-7.915071452719910639e-01
-6.175512617036549301e-01
-4.467353760336649771e-01
-2.715234933059909039e-01
-9.505561141897889144e-02
7.952827172902576791e-02
2.559961536160377804e-01
4.286960380250350866e-01
6.064199190713850385e-01
7.766078051617064659e-01
9.518196878893805390e-01
1.122007573979701966e+00
1.292195460070022506e+00
1.460499347421336580e+00
1.628175235192981241e+00
1.796479122544295315e+00
1.959759013258256743e+00
2.122410904392548758e+00
2.283178796787834308e+00
2.441434690864443091e+00
2.599690584941050986e+00
2.750410484061631244e+00
2.901130383182211503e+00
3.048710284404444693e+00
3.195662186047009357e+00
3.335706092313214910e+00
3.475121998999751938e+00
3.610769908208272483e+00
3.742021820359111572e+00
3.869505735031934179e+00
3.993221652226743856e+00
4.113169571943538827e+00
4.228093495022980264e+00
4.340505419783745822e+00
4.449777346646166976e+00
4.554025276871234595e+00
4.651993211299611630e+00
4.746193148249973959e+00
4.834113089403643926e+00
4.919521032238639791e+00
5.001160977595620949e+00
5.074636928416902393e+00
5.143088882600833855e+00
5.149368878397524441e+00
5.149368878397524441e+00
5.149368878397524441e+00
5.149368878397524441e+00
5.149368878397524441e+00
5.149368878397524441e+00
5.149368878397524441e+00
5.149368878397524441e+00
5.149368878397524441e+00
5.149368878397524441e+00
5.149368878397524441e+00
5.149368878397524441e+00
5.149368878397524441e+00
5.149368878397524441e+00
5.149368878397524441e+00
5.149368878397524441e+00
5.149368878397524441e+00
5.149368878397524441e+00
5.149368878397524441e+00
5.149368878397524441e+00
5.149368878397524441e+00
5.149368878397524441e+00
5.149368878397524441e+00
5.149368878397524441e+00
5.149368878397524441e+00
5.092848916227307399e+00
5.019372965406024178e+00
4.942129017106726252e+00
4.857977073431069215e+00
4.769429132697728946e+00
4.676485194906705445e+00
4.577261261318989582e+00
4.475525329412599618e+00
4.369393400448524645e+00
4.259493474006434965e+00
4.142057552608315873e+00
4.023993631630528256e+00
3.900905714015388881e+00
3.770909801023888619e+00
3.640913888032388357e+00
3.509033976301882518e+00
3.373386067093360197e+00
3.232086161667817592e+00
3.085762259604921454e+00
2.940694356701362366e+00
2.791858456319790349e+00
2.637998559300865686e+00
2.481626663963264257e+00
2.323998769466323999e+00
2.165742875389716104e+00
2.003718983835092615e+00
1.837927094802455308e+00
1.670879206610479173e+00
1.503203318838834512e+00
1.335527431067189852e+00
1.163455546237861071e+00
9.938956597272090576e-01
8.230797740572182164e-01
6.478678913295450315e-01
4.720280090222015446e-01
2.987001250335357128e-01
1.260002406245375184e-01
-4.921164210313566656e-02
-2.263075235698170928e-01
-3.996354075584838128e-01
-5.717072923878125934e-01
-7.444071767968098996e-01
-9.215030582634904377e-01
-1.089806945614804512e+00
-1.259366832125456970e+00
-1.431438716954785306e+00
-1.599114604726430411e+00
-1.767418492077744041e+00
-1.931954381951043853e+00
-2.092094274766659545e+00
-2.255374165480620974e+00
-2.413002059977560343e+00
-2.563721959098140157e+00
-2.722605852754417910e+00
-2.873325751874997280e+00
-3.021533652676900772e+00
-3.161577558943106325e+00
-3.305389462687325697e+00
-3.445433368953531250e+00
-3.580453278582383714e+00
-3.709193192414545592e+00
-3.839189105406045410e+00
-3.964161021760192583e+00
-4.084108941476987553e+00
-4.197148865817421637e+00
-4.311444789317194548e+00
-4.419460717020276874e+00
-4.519312650187661262e+00
-4.621676581673721529e+00
-4.717132517783421797e+00
-4.803168460198086187e+00
-4.888576403033081164e+00
-4.968960349230723494e+00
-5.041808300472337301e+00
-5.114028252134281693e+00
-5.139148235321044922e+00
-5.139148235321044922e+00
-5.139148235321044922e+00
-5.139148235321044922e+00
-5.139148235321044922e+00
-5.139148235321044922e+00
-5.139148235321044922e+00
-5.139148235321044922e+00
-5.139148235321044922e+00
-5.139148235321044922e+00
-5.139148235321044922e+00
-5.139148235321044922e+00
-5.139148235321044922e+00
-5.139148235321044922e+00
-5.139148235321044922e+00
-5.139148235321044922e+00
-5.139148235321044922e+00
-5.139148235321044922e+00
-5.139148235321044922e+00
-5.139148235321044922e+00
-5.139148235321044922e+00
-5.139148235321044922e+00
-5.139148235321044922e+00
-5.139148235321044922e+00
-5.130984240785346984e+00
-5.061904287021747884e+00
-4.989056335780134077e+00
-4.912440387060506453e+00
-4.825148445486504123e+00
-4.736600504753162966e+00
-4.645540565701146818e+00
-4.547572631272769783e+00
-4.445836699366378042e+00
-4.337820771663296604e+00
-4.230432843539883692e+00
-4.114252921301103427e+00
-3.994933001163977870e+00
-3.871217083969168637e+00
-3.747501166774359405e+00
-3.614365255884513850e+00
-3.481229344994668740e+00
-3.343697437047139509e+00
-3.201769532041927491e+00
-3.059213627457045614e+00
-2.911005726655142123e+00
-2.760285827534562753e+00
-2.607681929674975585e+00
-2.455706031395057831e+00
-2.297450137318449492e+00
-2.136054245343495417e+00
-1.974030353788871928e+00
-1.812006462234248882e+00
-1.643074575303265838e+00
-1.474770687951952208e+00
-1.307094800180307104e+00
-1.135650914930647737e+00
-9.660910284199957232e-01
-7.902511461126531245e-01
-6.206912596020002226e-01
-4.467353760336649771e-01
-2.702674941466529646e-01
-9.631161057831683081e-02
7.638827383068047538e-02
2.522281561380230741e-01
4.274400388656971472e-01
6.007679228543638672e-01
7.747238064226991128e-01
9.499356891503731859e-01
1.122007573979701966e+00
1.290311461331015153e+00
1.456731349943321874e+00
1.625663236874305362e+00
1.794595123805287962e+00
1.958503014098918804e+00
2.119898906073872880e+00
2.281294798048826955e+00
2.441434690864443091e+00
2.595294587883367754e+00
2.750410484061631244e+00
2.898618384863533848e+00
3.049338283984113218e+00
3.192522188148664952e+00
3.336962091472553738e+00
3.475121998999751938e+00
3.610141908628603957e+00
3.739509822040435694e+00
3.868877735452265654e+00
3.996989649704758563e+00
4.113169571943538827e+00
4.229349494182319091e+00
4.339877420204077296e+00
4.446637348747820795e+00
4.551513278552558717e+00
4.648853213401265450e+00
4.744309149510966606e+00
4.834113089403643926e+00
4.917637033499632437e+00
4.999276978856613596e+00
5.072752929677895040e+00
5.143716882180502381e+00
5.149368878397524441e+00
5.149368878397524441e+00
5.149368878397524441e+00
5.149368878397524441e+00
5.149368878397524441e+00
5.149368878397524441e+00
5.149368878397524441e+00
5.149368878397524441e+00
5.149368878397524441e+00
5.149368878397524441e+00
5.149368878397524441e+00
5.149368878397524441e+00
5.149368878397524441e+00
5.149368878397524441e+00
5.149368878397524441e+00
5.149368878397524441e+00
5.149368878397524441e+00
5.149368878397524441e+00
5.149368878397524441e+00
5.149368878397524441e+00
5.149368878397524441e+00
5.149368878397524441e+00
5.149368878397524441e+00
5.149368878397524441e+00
5.149368878397524441e+00
5.092220916647637097e+00
5.020628964565361230e+00
4.940245018367718899e+00
4.858605073010739517e+00
4.770685131857067773e+00
4.678997193225381324e+00
4.577889260898659884e+00
4.475525329412599618e+00
4.370021400028193170e+00
4.259493474006434965e+00
4.145197550506662054e+00
4.024621631210198558e+00
3.901533713595057407e+00
3.778445795979918032e+00
3.642797886771395710e+00
3.511545974620558397e+00
3.374014066673028722e+00
3.231458162088147290e+00
3.088274257923597332e+00
2.939438357542025315e+00
2.793114455479128289e+00
2.639882558039873039e+00
2.480998664383594843e+00
2.323998769466323999e+00
2.167626874128722569e+00
2.006230982153769382e+00
1.839183093961793247e+00
1.672763205349486526e+00
1.506971316316849219e+00
1.336783430226527791e+00
1.166595544136206364e+00
9.926396605678711182e-01
8.230797740572182164e-01
6.484958909092135571e-01
4.770520056595541902e-01
3.018401229318810053e-01
1.260002406245375184e-01
-4.795564294379772718e-02
-2.250515244104791535e-01
-3.971234092398070459e-01
-5.717072923878125934e-01
-7.469191751154857783e-01
-9.189910599448145589e-01
-1.087922946875797159e+00
-1.258110832966118586e+00
-1.429554718215777953e+00
-1.597230605987423058e+00
-1.762394495440391395e+00
-1.930698382791705470e+00
-2.090838275607321162e+00
-2.251606168002606267e+00
-2.409862062079215050e+00
-2.569373955315161773e+00
-2.718209855696734234e+00
-2.868929754817314048e+00
-3.016509656039548126e+00
-3.162205558522774851e+00
-3.304761463107656727e+00
-3.441665371475516544e+00
-3.577941280263707391e+00
-3.711705190733221471e+00
-3.837933106246707027e+00
-3.959137025122839937e+00
-4.082852942317648726e+00
-4.197148865817421637e+00
-4.309560790578188083e+00
-4.419460717020276874e+00
-4.521196648926668615e+00
-4.619164583355044762e+00
-4.712108521146069151e+00
-4.801912461038748248e+00
-4.888576403033081164e+00
-4.968960349230723494e+00
-5.041808300472337301e+00
-5.111516253815604927e+00
-5.139148235321044922e+00
-5.139148235321044922e+00
-5.139148235321044922e+00
-5.139148235321044922e+00
-5.139148235321044922e+00
-5.139148235321044922e+00
-5.139148235321044922e+00
-5.139148235321044922e+00
-5.139148235321044922e+00
-5.139148235321044922e+00
-5.139148235321044922e+00
-5.139148235321044922e+00
-5.139148235321044922e+00
-5.139148235321044922e+00
-5.139148235321044922e+00
-5.139148235321044922e+00
-5.139148235321044922e+00
-5.139148235321044922e+00
-5.139148235321044922e+00
-5.139148235321044922e+00
-5.139148235321044922e+00
-5.139148235321044922e+00
-5.139148235321044922e+00
-5.139148235321044922e+00
-5.131612240365015509e+00
-5.063160286181085823e+00
-4.990940334519141430e+00
-4.908044390002823221e+00
-4.826404444645842062e+00
-4.740996501810847086e+00
-4.646796564860484757e+00
-4.551968628330453015e+00
-4.447720698105385395e+00
-4.339704770402303957e+00
-4.228548844800876338e+00
-4.115508920460441367e+00
-3.996189000323315810e+00
-3.876241080606521283e+00
-3.747501166774359405e+00
-3.614365255884513850e+00
-3.481229344994668740e+00
-3.343069437467470983e+00
-3.203025531201265430e+00
-3.061725625775721937e+00
-2.913517724973818446e+00
-2.760913827114231722e+00
-2.610193927993651908e+00
-2.456334030974727245e+00
-2.297450137318449492e+00
-2.134798246184157033e+00
-1.977170351687217664e+00
-1.810122463495241973e+00
-1.644330574462604222e+00
-1.477910685850297501e+00
-1.308350799339645487e+00
-1.138162913249324504e+00
-9.667190279996651370e-01
-7.940191435906669426e-01
-6.206912596020002226e-01
-4.467353760336649771e-01
-2.702674941466529646e-01
-9.693961015798624459e-02
7.576027425101106161e-02
2.509721569786851347e-01
4.255560401266897941e-01
6.007679228543638672e-01
7.734678072633611734e-01
9.455396920926899540e-01
1.120123575240694613e+00
1.290311461331015153e+00
1.461127347001005994e+00
1.623779238135298009e+00
1.792711125066281497e+00
1.958503014098918804e+00
2.121154905233210819e+00
2.280666798469157541e+00
2.438294692966096910e+00
2.592154589985022461e+00
2.746642486583616538e+00
2.901130383182211503e+00
3.047454285245107641e+00
3.191266188989326125e+00
3.336334091892885212e+00
3.473238000260744585e+00
3.607629910309928079e+00
3.740137821620104219e+00
3.867621736292928603e+00
3.993221652226743856e+00
4.111285573204531474e+00
4.224953497124635859e+00
4.340505419783745822e+00
4.447265348327491097e+00
4.550257279393219889e+00
4.649481212980933975e+00
4.744937149090635131e+00
4.833485089823975400e+00
4.916381034340295386e+00
4.999276978856613596e+00
5.075264927996572695e+00
5.143088882600833855e+00
5.149368878397524441e+00
5.149368878397524441e+00
5.149368878397524441e+00
5.149368878397524441e+00
5.149368878397524441e+00
5.149368878397524441e+00
5.149368878397524441e+00
5.149368878397524441e+00
5.149368878397524441e+00
5.149368878397524441e+00
5.149368878397524441e+00
5.149368878397524441e+00
5.149368878397524441e+00
5.149368878397524441e+00
5.149368878397524441e+00
5.149368878397524441e+00
5.149368878397524441e+00
5.149368878397524441e+00
5.149368878397524441e+00
5.149368878397524441e+00
5.149368878397524441e+00
5.149368878397524441e+00
5.149368878397524441e+00
5.149368878397524441e+00
5.149368878397524441e+00
5.094104915386644450e+00
5.019372965406024178e+00
4.943385016266065080e+00
4.856093074692061862e+00
4.768173133538391895e+00
4.676485194906705445e+00
4.577889260898659884e+00
4.478665327310944022e+00
4.369393400448524645e+00
4.260121473586103491e+00
4.145197550506662054e+00
4.027133629528874437e+00
3.905929710652742415e+00
3.777189796820579204e+00
3.646565884249410416e+00
3.512173974200226922e+00
3.374642066252699024e+00
3.231458162088147290e+00
3.090786256242273211e+00
2.942578355440369720e+00
2.792486455899459763e+00
2.637998559300865686e+00
2.484138662281940135e+00
2.327766766944338706e+00
2.167626874128722569e+00
2.004974982994430555e+00
1.839183093961793247e+00
1.675275203668162405e+00
1.507599315896517744e+00
1.336783430226527791e+00
1.167851543295544303e+00
9.970356576255543501e-01
8.262197719555643971e-01
6.497518900685523846e-01
4.776800052392236040e-01
3.012121233522115915e-01
1.297682381025522247e-01
-4.732764336412920159e-02
-2.225395260918023865e-01
-3.952394105008005809e-01
-5.685672944894664127e-01
-7.431511776374719602e-01
-9.208750586838219121e-01
-1.086038948136790694e+00
-1.258110832966118586e+00
-1.427042719897101630e+00
-1.597230605987423058e+00
-1.762394495440391395e+00
-1.926302385734021794e+00
-2.088954276868314253e+00
-2.252234167582275237e+00
-2.410490061658884020e+00
-2.564977958257478097e+00
-2.720093854435741587e+00
-2.868929754817314048e+00
-3.019021654358224449e+00
-3.162833558102444265e+00
-3.304133463527987757e+00
-3.442921370634854483e+00
-3.578569279843376361e+00
-3.709193192414545592e+00
-3.837305106667038057e+00
-3.963533022180523613e+00
-4.080968943578641372e+00
-4.196520866237753111e+00
-4.307676791839180730e+00
-4.416948718701600995e+00
-4.521196648926668615e+00
-4.617280584616038297e+00
-4.711480521566399737e+00
-4.804424459357424126e+00
-4.886692404294073810e+00
-4.965192351752708788e+00
-5.042436300052006715e+00
-5.112772252974943754e+00
-5.139148235321044922e+00
-5.139148235321044922e+00
-5.139148235321044922e+00
-5.139148235321044922e+00
-5.139148235321044922e+00
-5.139148235321044922e+00
-5.139148235321044922e+00
-5.139148235321044922e+00
-5.139148235321044922e+00
-5.139148235321044922e+00
-5.139148235321044922e+00
-5.139148235321044922e+00
-5.139148235321044922e+00
-5.139148235321044922e+00
-5.139148235321044922e+00
-5.139148235321044922e+00
-5.139148235321044922e+00
-5.139148235321044922e+00
-5.139148235321044922e+00
-5.139148235321044922e+00
-5.139148235321044922e+00
-5.139148235321044922e+00
-5.139148235321044922e+00
-5.139148235321044922e+00
-5.132240239944684923e+00
-5.061276287442078470e+00
-4.989056335780134077e+00
-4.913696386219844392e+00
-4.827660443805180002e+00
-4.740996501810847086e+00
-4.645540565701146818e+00
-4.550084629591445662e+00
-4.448348697685054809e+00
-4.342216768720979836e+00
-4.229176844380544864e+00
-4.116764919619779306e+00
-3.998072999062323163e+00
-3.872473083128507021e+00
-3.749385165513366758e+00
-3.616249254623521203e+00
-3.483113343733675649e+00
-3.347465434525154215e+00
-3.202397531621596016e+00
-3.062353625355390907e+00
-2.915401723712825799e+00
-2.764681824592246429e+00
-2.609565928413982938e+00
-2.459474028873072537e+00
-2.298078136898118462e+00
-2.137310244502833356e+00
-1.973402354209202958e+00
-1.811378462654579913e+00
-1.644958574042273192e+00
-1.480422684168973824e+00
-1.308978798919314457e+00
-1.139418912408662443e+00
-9.673470275793336626e-01
-7.959031423296742958e-01
-6.232032579206769896e-01
-4.467353760336649771e-01
-2.721514928856603177e-01
-1.000796080563315371e-01
7.387627551200370846e-02
2.509721569786851347e-01
4.261840397063592079e-01
5.982559245356871003e-01
7.690718102056779415e-01
9.423996941943446615e-01
1.115099578603341968e+00
1.287171463432669860e+00
1.457359349522991288e+00
1.625663236874305362e+00
1.792083125486612083e+00
1.954107017041235572e+00
2.119270906494203466e+00
2.280666798469157541e+00
2.438294692966096910e+00
2.594666588303698340e+00
2.746014487003947124e+00
2.899874384022872675e+00
3.043686287767092935e+00
3.190638189409657599e+00
3.335706092313214910e+00
3.471982001101405757e+00
3.605745911570920725e+00
3.738881822460765392e+00
3.867621736292928603e+00
3.986313656850384746e+00
4.109401574465524121e+00
4.228721494602650566e+00
4.336737422305731116e+00
4.445381349588483744e+00
4.549629279813551364e+00
4.647597214241926622e+00
4.743053150351627778e+00
4.830973091505299521e+00
4.915125035180956559e+00
4.996764980537937717e+00
5.074636928416902393e+00
5.143088882600833855e+00
5.149368878397524441e+00
5.149368878397524441e+00
5.149368878397524441e+00
5.149368878397524441e+00
5.149368878397524441e+00
5.149368878397524441e+00
5.149368878397524441e+00
5.149368878397524441e+00
5.149368878397524441e+00
5.149368878397524441e+00
5.149368878397524441e+00
5.149368878397524441e+00
5.149368878397524441e+00
5.149368878397524441e+00
5.149368878397524441e+00
5.149368878397524441e+00
5.149368878397524441e+00
5.149368878397524441e+00
5.149368878397524441e+00
5.149368878397524441e+00
5.149368878397524441e+00
5.149368878397524441e+00
5.149368878397524441e+00
5.149368878397524441e+00
5.149368878397524441e+00
5.094104915386644450e+00
5.019372965406024178e+00
4.940873017947389201e+00
4.861117071329415396e+00
4.771941131016404825e+00
4.677741194066042496e+00
4.579773259637667238e+00
4.478037327731275496e+00
4.370021400028193170e+00
4.259493474006434965e+00
4.147081549245669407e+00
4.027133629528874437e+00
3.904673711493403587e+00
3.778445795979918032e+00
3.646565884249410416e+00
3.515941971678241629e+00
3.373386067093360197e+00
3.235226159566161996e+00
3.090786256242273211e+00
2.946346352918384426e+00
2.793742455058797702e+00
2.638626558880534212e+00
2.486022661020947488e+00
2.329650765683346059e+00
2.168882873288061397e+00
2.003718983835092615e+00
1.841695092280469126e+00
1.675903203247831819e+00
1.509483314635525097e+00
1.339295428545203670e+00
1.168479542875213717e+00
9.976636572052237639e-01
8.237077736368876302e-01
6.491238904888829708e-01
4.751680069205477253e-01
3.049801208302262978e-01
1.291402385228828109e-01
-4.293164630644508151e-02
-2.206555273527950334e-01
-3.946114109211311671e-01
-5.673112953301284733e-01
-7.418951784781331327e-01
-9.177350607854766196e-01
-1.086038948136790694e+00
-1.253714835908435354e+00
-1.427670719476771044e+00
-1.596602606407754088e+00
-1.760510496701384486e+00
-1.924418386995014885e+00
-2.089582276447983222e+00
-2.247838170524592005e+00
-2.409234062499546081e+00
-2.561837960359132804e+00
-2.713185859059381588e+00
-2.871441753135990371e+00
-3.018393654778555479e+00
-3.161577558943106325e+00
-3.300365466049973051e+00
-3.441037371895847130e+00
-3.578569279843376361e+00
-3.707937193255207209e+00
-3.836049107507699674e+00
-3.957881025963501997e+00
-4.079712944419303433e+00
-4.194636867498745758e+00
-4.307676791839180730e+00
-4.413808720803255703e+00
-4.519312650187661262e+00
-4.617908584195706823e+00
-4.712108521146069151e+00
-4.799400462720071481e+00
-4.888576403033081164e+00
-4.964564352173040263e+00
-5.040552301312999361e+00
-5.113400252554612280e+00
-5.139148235321044922e+00
-5.139148235321044922e+00
-5.139148235321044922e+00
-5.139148235321044922e+00
-5.139148235321044922e+00
-5.139148235321044922e+00
-5.139148235321044922e+00
-5.139148235321044922e+00
-5.139148235321044922e+00
-5.139148235321044922e+00
-5.139148235321044922e+00
-5.139148235321044922e+00
-5.139148235321044922e+00
-5.139148235321044922e+00
-5.139148235321044922e+00
-5.139148235321044922e+00
-5.139148235321044922e+00
-5.139148235321044922e+00
-5.139148235321044922e+00
-5.139148235321044922e+00
-5.139148235321044922e+00
-5.139148235321044922e+00
-5.139148235321044922e+00
-5.139148235321044922e+00
-5.134124238683692276e+00
-5.065672284499762590e+00
-4.990940334519141430e+00
-4.911812387480837039e+00
-4.829544442544187355e+00
-4.738484503492170319e+00
-4.647424564440154171e+00
-4.551340628750784489e+00
-4.449604696844392748e+00
-4.341588769141310422e+00
-4.232944841858559570e+00
-4.119276917938456073e+00
-3.999328998221661102e+00
-3.875613081026852313e+00
-3.748129166354028818e+00
-3.619389252521866496e+00
-3.484997342472683002e+00
-3.348093434104823629e+00
-3.208049527838618076e+00
-3.061725625775721937e+00
-2.914773724133156829e+00
-2.762169826273570106e+00
-2.612077926732659261e+00
-2.456962030554396215e+00
-2.301218134796463755e+00
-2.139822242821509679e+00
-1.979682350005893987e+00
-1.813890460973256236e+00
-1.647470572360949514e+00
-1.479166685009635440e+00
-1.310862797658321810e+00
-1.141302911147669352e+00
-9.692310263183410157e-01
-7.959031423296742958e-01
-6.188072608629937577e-01
-4.498753739320102696e-01
-2.765474899433435496e-01
-1.000796080563315371e-01
7.450427509167312223e-02
2.484601586600083678e-01
4.211600430690065622e-01
5.969999253763491609e-01
7.709558089446852946e-01
9.455396920926899540e-01
1.111331581125327261e+00
1.287799463012339274e+00
1.456103350363653348e+00
1.620639240236952716e+00
1.790827126327274144e+00
1.954107017041235572e+00
2.117386907755196113e+00
2.276270801411474309e+00
2.435782694647421032e+00
2.590270591246015108e+00
2.746014487003947124e+00
2.897990385283865322e+00
3.045570286506100288e+00
3.187498191511311418e+00
3.328798096936855799e+00
3.469470002782729878e+00
3.606373911150589251e+00
3.735113824982750685e+00
3.865737737553921249e+00
3.988825655169060624e+00
4.106889576146848242e+00
4.224953497124635859e+00
4.337993421465069943e+00
4.446637348747820795e+00
4.549001280233881062e+00
4.646969214662258096e+00
4.743053150351627778e+00
4.835369088562982753e+00
4.915753034760625084e+00
4.993624982639591536e+00
5.070868930938889463e+00
5.142460883021163554e+00
5.149368878397524441e+00
5.149368878397524441e+00
5.149368878397524441e+00
5.149368878397524441e+00
5.149368878397524441e+00
5.149368878397524441e+00
5.149368878397524441e+00
5.149368878397524441e+00
5.149368878397524441e+00
5.149368878397524441e+00
5.149368878397524441e+00
5.149368878397524441e+00
5.149368878397524441e+00
5.149368878397524441e+00
5.149368878397524441e+00
5.149368878397524441e+00
5.149368878397524441e+00
5.149368878397524441e+00
5.149368878397524441e+00
5.149368878397524441e+00
5.149368878397524441e+00
5.149368878397524441e+00
5.149368878397524441e+00
5.149368878397524441e+00
5.149368878397524441e+00
5.097244913284990631e+00
5.023140962884038885e+00
4.940873017947389201e+00
4.856721074271732164e+00
4.773825129755412178e+00
4.679625192805049849e+00
4.582285257956343116e+00
4.478665327310944022e+00
4.373789397506207877e+00
4.263261471484449672e+00
4.149593547564345286e+00
4.029017628267881790e+00
3.904045711913735062e+00
3.780957794298593910e+00
3.650333881727425123e+00
3.515313972098573103e+00
3.377782064151043429e+00
3.235226159566161996e+00
3.091414255821941737e+00
2.945718353338715900e+00
2.797510452536812409e+00
2.643650555517886858e+00
2.487278660180285428e+00
2.330278765263015472e+00
2.168882873288061397e+00
2.007486981313107322e+00
1.843579091019476479e+00
1.674019204508824465e+00
1.511367313374532451e+00
1.342435426443548963e+00
1.171619540773559009e+00
9.989196563645617033e-01
8.255917723758949833e-01
6.541478871262356165e-01
4.827040018765762497e-01
3.056081204098948234e-01
1.285122389432142853e-01
-4.544364462512184843e-02
-2.187715286137885684e-01
-3.920994126024544002e-01
-5.673112953301284733e-01
-7.393831801594572539e-01
-9.120830645684545601e-01
-1.083526949818113927e+00
-1.257482833386449617e+00
-1.424530721578425307e+00
-1.593462608509408351e+00
-1.759882497121715073e+00
-1.924418386995014885e+00
-2.088326277288644839e+00
-2.246582171365253622e+00
-2.406094064601200344e+00
-2.566861956996485450e+00
-2.717581856117065264e+00
-2.862649759020623019e+00
-3.014625657300540773e+00
-3.160321559783767942e+00
-3.301621465209310990e+00
-3.439153373156840221e+00
-3.576685281104369452e+00
-3.709821191994214562e+00
-3.834165108768692765e+00
-3.956625026804163614e+00
-4.076572946520958141e+00
-4.198404864976760464e+00
-4.306420792679842791e+00
-4.415064719962593642e+00
-4.518684650607991848e+00
-4.618536583775376236e+00
-4.710852521986731212e+00
-4.800028462299740895e+00
-4.886692404294073810e+00
-4.966448350912047616e+00
-5.043064299631675240e+00
-5.109004255496929048e+00
-5.139148235321044922e+00
-5.139148235321044922e+00
-5.139148235321044922e+00
-5.139148235321044922e+00
-5.139148235321044922e+00
-5.139148235321044922e+00
-5.139148235321044922e+00
-5.139148235321044922e+00
-5.139148235321044922e+00
-5.139148235321044922e+00
-5.139148235321044922e+00
-5.139148235321044922e+00
-5.139148235321044922e+00
-5.139148235321044922e+00
-5.139148235321044922e+00
-5.139148235321044922e+00
-5.139148235321044922e+00
-5.139148235321044922e+00
-5.139148235321044922e+00
-5.139148235321044922e+00
-5.139148235321044922e+00
-5.139148235321044922e+00
-5.139148235321044922e+00
-5.139148235321044922e+00
-5.133496239104022862e+00
-5.063160286181085823e+00
-4.992824333258148783e+00
-4.916836384118189685e+00
-4.830172442123856769e+00
-4.739740502651509146e+00
-4.649308563179160636e+00
-4.553852627069460368e+00
-4.450232696424062162e+00
-4.344100767459987189e+00
-4.232316842278891045e+00
-4.118648918358786659e+00
-4.000584997380999042e+00
-3.876869080186190253e+00
-3.752525163411712050e+00
-3.616249254623521203e+00
-3.486253341632021385e+00
-3.348093434104823629e+00
-3.208049527838618076e+00
-3.062353625355390907e+00
-2.916657722872164182e+00
-2.764681824592246429e+00
-2.613333925891997644e+00
-2.455706031395057831e+00
-2.304358132694809047e+00
-2.144218239879193355e+00
-1.978426350846555604e+00
-1.816402459291932558e+00
-1.650610570259294807e+00
-1.480422684168973824e+00
-1.312118796817659749e+00
-1.142558910307007736e+00
-9.717430246370177827e-01
