			-0.001233	-0.552					-0.001233	-0.56	
			-0.001232	-0.552					-0.001232	-0.56	
			-0.001231	-0.552					-0.001231	-0.56	
			-0.00123	-0.552					-0.00123	-0.56	
			-0.001229	-0.552					-0.001229	-0.56	
			-0.001228	-0.56					-0.001228	-0.552	
			-0.001227	-0.56					-0.001227	-0.56	
			-0.001226	-0.552					-0.001226	-0.56	
			-0.001225	-0.56					-0.001225	-0.56	
			-0.001224	-0.56					-0.001224	-0.56	
			-0.001223	-0.56					-0.001223	-0.56	
			-0.001222	-0.552					-0.001222	-0.56	
			-0.001221	-0.544					-0.001221	-0.56	
			-0.00122	-0.552					-0.00122	-0.56	
			-0.001219	-0.56					-0.001219	-0.56	
			-0.001218	-0.552					-0.001218	-0.552	
			-0.001217	-0.552					-0.001217	-0.56	
			-0.001216	-0.552					-0.001216	-0.56	
			-0.001215	-0.56					-0.001215	-0.56	
			-0.001214	-0.56					-0.001214	-0.56	
			-0.001213	-0.56					-0.001213	-0.56	
			-0.001212	-0.552					-0.001212	-0.56	
			-0.001211	-0.552					-0.001211	-0.56	
			-0.00121	-0.544					-0.00121	-0.552	
			-0.001209	-0.56					-0.001209	-0.552	
			-0.001208	-0.56					-0.001208	-0.56	
			-0.001207	-0.56					-0.001207	-0.552	
			-0.001206	-0.544					-0.001206	-0.56	
			-0.001205	-0.544					-0.001205	-0.56	
			-0.001204	-0.544					-0.001204	-0.56	
			-0.001203	-0.56					-0.001203	-0.56	
			-0.001202	-0.56					-0.001202	-0.552	
			-0.001201	-0.56					-0.001201	-0.56	
			-0.0012	-0.552					-0.0012	-0.56	
			-0.001199	-0.552					-0.001199	-0.56	
			-0.001198	-0.552					-0.001198	-0.56	
			-0.001197	-0.56					-0.001197	-0.56	
			-0.001196	-0.56					-0.001196	-0.56	
			-0.001195	-0.56					-0.001195	-0.56	
			-0.001194	-0.552					-0.001194	-0.552	
			-0.001193	-0.552					-0.001193	-0.552	
			-0.001192	-0.56					-0.001192	-0.56	
			-0.001191	-0.552					-0.001191	-0.56	
			-0.00119	-0.552					-0.00119	-0.56	
			-0.001189	-0.56					-0.001189	-0.56	
			-0.001188	-0.552					-0.001188	-0.56	
			-0.001187	-0.56					-0.001187	-0.56	
			-0.001186	-0.56					-0.001186	-0.56	
			-0.001185	-0.56					-0.001185	-0.56	
			-0.001184	-0.552					-0.001184	-0.56	
			-0.001183	-0.56					-0.001183	-0.552	
			-0.001182	-0.552					-0.001182	-0.56	
			-0.001181	-0.552					-0.001181	-0.56	
			-0.00118	-0.544					-0.00118	-0.552	
			-0.001179	-0.544					-0.001179	-0.552	
			-0.001178	-0.552					-0.001178	-0.56	
			-0.001177	-0.552					-0.001177	-0.56	
			-0.001176	-0.56					-0.001176	-0.56	
			-0.001175	-0.56					-0.001175	-0.552	
			-0.001174	-0.56					-0.001174	-0.552	
			-0.001173	-0.552					-0.001173	-0.56	
			-0.001172	-0.544					-0.001172	-0.56	
			-0.001171	-0.568					-0.001171	-0.56	
			-0.00117	-0.552					-0.00117	-0.56	
			-0.001169	-0.552					-0.001169	-0.56	
			-0.001168	-0.552					-0.001168	-0.56	
			-0.001167	-0.56					-0.001167	-0.56	
			-0.001166	-0.56					-0.001166	-0.56	
			-0.001165	-0.56					-0.001165	-0.56	
			-0.001164	-0.552					-0.001164	-0.56	
			-0.001163	-0.56					-0.001163	-0.552	
			-0.001162	-0.544					-0.001162	-0.56	
			-0.001161	-0.552					-0.001161	-0.56	
			-0.00116	-0.552					-0.00116	-0.56	
			-0.001159	-0.544					-0.001159	-0.56	
			-0.001158	-0.552					-0.001158	-0.552	
			-0.001157	-0.552					-0.001157	-0.56	
			-0.001156	-0.552					-0.001156	-0.56	
			-0.001155	-0.552					-0.001155	-0.56	
			-0.001154	-0.552					-0.001154	-0.56	
			-0.001153	-0.552					-0.001153	-0.56	
			-0.001152	-0.552					-0.001152	-0.56	
			-0.001151	-0.56					-0.001151	-0.56	
			-0.00115	-0.544					-0.00115	-0.56	
			-0.001149	-0.544					-0.001149	-0.56	
			-0.001148	-0.56					-0.001148	-0.56	
			-0.001147	-0.56					-0.001147	-0.56	
			-0.001146	-0.56					-0.001146	-0.56	
			-0.001145	-0.552					-0.001145	-0.552	
			-0.001144	-0.56					-0.001144	-0.56	
			-0.001143	-0.56					-0.001143	-0.56	
			-0.001142	-0.56					-0.001142	-0.56	
			-0.001141	-0.56					-0.001141	-0.552	
			-0.00114	-0.56					-0.00114	-0.56	
			-0.001139	-0.56					-0.001139	-0.56	
			-0.001138	-0.544					-0.001138	-0.56	
			-0.001137	-0.552					-0.001137	-0.56	
			-0.001136	-0.552					-0.001136	-0.56	
			-0.001135	-0.56					-0.001135	-0.56	
			-0.001134	-0.552					-0.001134	-0.56	
			-0.001133	-0.544					-0.001133	-0.56	
			-0.001132	-0.552					-0.001132	-0.56	
			-0.001131	-0.552					-0.001131	-0.56	
			-0.00113	-0.544					-0.00113	-0.552	
			-0.001129	-0.544					-0.001129	-0.56	
			-0.001128	-0.544					-0.001128	-0.56	
			-0.001127	-0.552					-0.001127	-0.552	
			-0.001126	-0.56					-0.001126	-0.552	
			-0.001125	-0.56					-0.001125	-0.552	
			-0.001124	-0.552					-0.001124	-0.56	
			-0.001123	-0.552					-0.001123	-0.56	
			-0.001122	-0.552					-0.001122	-0.56	
			-0.001121	-0.552					-0.001121	-0.552	
			-0.00112	-0.552					-0.00112	-0.56	
			-0.001119	-0.56					-0.001119	-0.56	
			-0.001118	-0.552					-0.001118	-0.56	
			-0.001117	-0.56					-0.001117	-0.56	
			-0.001116	-0.552					-0.001116	-0.56	
			-0.001115	-0.56					-0.001115	-0.56	
			-0.001114	-0.56					-0.001114	-0.56	
			-0.001113	-0.552					-0.001113	-0.56	
			-0.001112	-0.552					-0.001112	-0.552	
			-0.001111	-0.56					-0.001111	-0.56	
			-0.00111	-0.552					-0.00111	-0.56	
			-0.001109	-0.56					-0.001109	-0.56	
			-0.001108	-0.56					-0.001108	-0.56	
			-0.001107	-0.552					-0.001107	-0.56	
			-0.001106	-0.56					-0.001106	-0.56	
			-0.001105	-0.552					-0.001105	-0.56	
			-0.001104	-0.56					-0.001104	-0.56	
			-0.001103	-0.56					-0.001103	-0.56	
			-0.001102	-0.552					-0.001102	-0.56	
			-0.001101	-0.56					-0.001101	-0.56	
			-0.0011	-0.536					-0.0011	-0.56	
			-0.001099	-0.552					-0.001099	-0.552	
			-0.001098	-0.552					-0.001098	-0.56	
			-0.001097	-0.552					-0.001097	-0.56	
			-0.001096	-0.552					-0.001096	-0.56	
			-0.001095	-0.552					-0.001095	-0.56	
			-0.001094	-0.56					-0.001094	-0.56	
			-0.001093	-0.552					-0.001093	-0.56	
			-0.001092	-0.552					-0.001092	-0.56	
			-0.001091	-0.56					-0.001091	-0.552	
			-0.00109	-0.552					-0.00109	-0.56	
			-0.001089	-0.552					-0.001089	-0.56	
			-0.001088	-0.552					-0.001088	-0.56	
			-0.001087	-0.552					-0.001087	-0.56	
			-0.001086	-0.552					-0.001086	-0.56	
			-0.001085	-0.544					-0.001085	-0.552	
			-0.001084	-0.544					-0.001084	-0.56	
			-0.001083	-0.544					-0.001083	-0.56	
			-0.001082	-0.552					-0.001082	-0.56	
			-0.001081	-0.552					-0.001081	-0.56	
			-0.00108	-0.552					-0.00108	-0.56	
			-0.001079	-0.552					-0.001079	-0.56	
			-0.001078	-0.56					-0.001078	-0.56	
			-0.001077	-0.544					-0.001077	-0.56	
			-0.001076	-0.552					-0.001076	-0.56	
			-0.001075	-0.544					-0.001075	-0.56	
			-0.001074	-0.552					-0.001074	-0.56	
			-0.001073	-0.552					-0.001073	-0.56	
			-0.001072	-0.56					-0.001072	-0.552	
			-0.001071	-0.56					-0.001071	-0.56	
			-0.00107	-0.552					-0.00107	-0.552	
			-0.001069	-0.552					-0.001069	-0.56	
			-0.001068	-0.544					-0.001068	-0.56	
			-0.001067	-0.56					-0.001067	-0.56	
			-0.001066	-0.56					-0.001066	-0.552	
			-0.001065	-0.56					-0.001065	-0.552	
			-0.001064	-0.56					-0.001064	-0.56	
			-0.001063	-0.552					-0.001063	-0.56	
			-0.001062	-0.552					-0.001062	-0.56	
			-0.001061	-0.552					-0.001061	-0.56	
			-0.00106	-0.552					-0.00106	-0.56	
			-0.001059	-0.552					-0.001059	-0.56	
			-0.001058	-0.552					-0.001058	-0.56	
			-0.001057	-0.552					-0.001057	-0.56	
			-0.001056	-0.552					-0.001056	-0.552	
			-0.001055	-0.544					-0.001055	-0.56	
			-0.001054	-0.552					-0.001054	-0.552	
			-0.001053	-0.544					-0.001053	-0.552	
			-0.001052	-0.552					-0.001052	-0.56	
			-0.001051	-0.552					-0.001051	-0.56	
			-0.00105	-0.56					-0.00105	-0.56	
			-0.001049	-0.552					-0.001049	-0.56	
			-0.001048	-0.56					-0.001048	-0.56	
			-0.001047	-0.552					-0.001047	-0.56	
			-0.001046	-0.552					-0.001046	-0.56	
			-0.001045	-0.56					-0.001045	-0.56	
			-0.001044	-0.552					-0.001044	-0.56	
			-0.001043	-0.552					-0.001043	-0.56	
			-0.001042	-0.56					-0.001042	-0.56	
			-0.001041	-0.56					-0.001041	-0.56	
			-0.00104	-0.552					-0.00104	-0.56	
			-0.001039	-0.56					-0.001039	-0.56	
			-0.001038	-0.56					-0.001038	-0.56	
			-0.001037	-0.56					-0.001037	-0.56	
			-0.001036	-0.56					-0.001036	-0.56	
			-0.001035	-0.552					-0.001035	-0.56	
			-0.001034	-0.56					-0.001034	-0.552	
			-0.001033	-0.56					-0.001033	-0.552	
			-0.001032	-0.552					-0.001032	-0.56	
			-0.001031	-0.544					-0.001031	-0.552	
			-0.00103	-0.552					-0.00103	-0.56	
			-0.001029	-0.552					-0.001029	-0.56	
			-0.001028	-0.552					-0.001028	-0.56	
			-0.001027	-0.544					-0.001027	-0.56	
			-0.001026	-0.552					-0.001026	-0.56	
			-0.001025	-0.552					-0.001025	-0.56	
			-0.001024	-0.56					-0.001024	-0.552	
			-0.001023	-0.544					-0.001023	-0.552	
			-0.001022	-0.544					-0.001022	-0.56	
			-0.001021	-0.552					-0.001021	-0.552	
			-0.00102	-0.552					-0.00102	-0.552	
			-0.001019	-0.568					-0.001019	-0.56	
			-0.001018	-0.56					-0.001018	-0.56	
			-0.001017	-0.56					-0.001017	-0.56	
			-0.001016	-0.56					-0.001016	-0.56	
			-0.001015	-0.56					-0.001015	-0.56	
			-0.001014	-0.56					-0.001014	-0.56	
			-0.001013	-0.56					-0.001013	-0.56	
			-0.001012	-0.56					-0.001012	-0.56	
			-0.001011	-0.552					-0.001011	-0.56	
			-0.00101	-0.56					-0.00101	-0.56	
			-0.001009	-0.552					-0.001009	-0.56	
			-0.001008	-0.56					-0.001008	-0.56	
			-0.001007	-0.552					-0.001007	-0.552	
			-0.001006	-0.552					-0.001006	-0.552	
			-0.001005	-0.56					-0.001005	-0.56	
			-0.001004	-0.552					-0.001004	-0.56	
			-0.001003	-0.552					-0.001003	-0.56	
			-0.001002	-0.544					-0.001002	-0.552	
			-0.001001	-0.56					-0.001001	-0.552	
			-0.001	-0.504					-0.001	0.552	
			-0.000999	0.136					-0.000999	0.56	
			-0.000998	0.56					-0.000998	0.552	
			-0.000997	0.568					-0.000997	0.56	
			-0.000996	0.568					-0.000996	0.56	
			-0.000995	0.568					-0.000995	0.56	
			-0.000994	0.552					-0.000994	0.56	
			-0.000993	0.568					-0.000993	0.552	
			-0.000992	0.576					-0.000992	0.56	
			-0.000991	0.568					-0.000991	0.56	
			-0.00099	0.568					-0.00099	0.56	
			-0.000989	0.568					-0.000989	0.56	
			-0.000988	0.56					-0.000988	0.552	
			-0.000987	0.568					-0.000987	0.56	
			-0.000986	0.56					-0.000986	0.56	
			-0.000985	0.568					-0.000985	0.56	
			-0.000984	0.568					-0.000984	0.56	
			-0.000983	0.568					-0.000983	0.56	
			-0.000982	0.568					-0.000982	0.56	
			-0.000981	0.568					-0.000981	0.56	
			-0.00098	0.568					-0.00098	0.56	
			-0.000979	0.568					-0.000979	0.56	
			-0.000978	0.568					-0.000978	0.56	
			-0.000977	0.568					-0.000977	0.56	
			-0.000976	0.576					-0.000976	0.552	
			-0.000975	0.576					-0.000975	0.552	
			-0.000974	0.568					-0.000974	0.552	
			-0.000973	0.568					-0.000973	0.56	
			-0.000972	0.568					-0.000972	0.56	
			-0.000971	0.56					-0.000971	0.552	
			-0.00097	0.56					-0.00097	0.56	
			-0.000969	0.568					-0.000969	0.56	
			-0.000968	0.568					-0.000968	0.56	
			-0.000967	0.568					-0.000967	0.56	
			-0.000966	0.568					-0.000966	0.56	
			-0.000965	0.568					-0.000965	0.552	
			-0.000964	0.552					-0.000964	0.552	
			-0.000963	0.568					-0.000963	0.56	
			-0.000962	0.568					-0.000962	0.56	
			-0.000961	0.576					-0.000961	0.56	
			-0.00096	0.568					-0.00096	0.552	
			-0.000959	0.568					-0.000959	0.56	
			-0.000958	0.56					-0.000958	0.56	
			-0.000957	0.56					-0.000957	0.552	
			-0.000956	0.568					-0.000956	0.56	
			-0.000955	0.568					-0.000955	0.56	
			-0.000954	0.576					-0.000954	0.552	
			-0.000953	0.56					-0.000953	0.552	
			-0.000952	0.568					-0.000952	0.56	
			-0.000951	0.56					-0.000951	0.568	
			-0.00095	0.568					-0.00095	0.552	
			-0.000949	0.568					-0.000949	0.552	
			-0.000948	0.568					-0.000948	0.56	
			-0.000947	0.568					-0.000947	0.552	
			-0.000946	0.568					-0.000946	0.56	
			-0.000945	0.552					-0.000945	0.56	
			-0.000944	0.576					-0.000944	0.56	
			-0.000943	0.568					-0.000943	0.56	
			-0.000942	0.552					-0.000942	0.56	
			-0.000941	0.56					-0.000941	0.552	
			-0.00094	0.568					-0.00094	0.56	
			-0.000939	0.568					-0.000939	0.56	
			-0.000938	0.568					-0.000938	0.56	
			-0.000937	0.568					-0.000937	0.552	
			-0.000936	0.576					-0.000936	0.56	
			-0.000935	0.56					-0.000935	0.56	
			-0.000934	0.568					-0.000934	0.56	
			-0.000933	0.568					-0.000933	0.56	
			-0.000932	0.56					-0.000932	0.56	
			-0.000931	0.568					-0.000931	0.56	
			-0.00093	0.568					-0.00093	0.56	
			-0.000929	0.568					-0.000929	0.56	
			-0.000928	0.56					-0.000928	0.56	
			-0.000927	0.56					-0.000927	0.552	
			-0.000926	0.56					-0.000926	0.56	
			-0.000925	0.568					-0.000925	0.56	
			-0.000924	0.568					-0.000924	0.56	
			-0.000923	0.568					-0.000923	0.56	
			-0.000922	0.56					-0.000922	0.552	
			-0.000921	0.568					-0.000921	0.56	
			-0.00092	0.56					-0.00092	0.56	
			-0.000919	0.568					-0.000919	0.56	
			-0.000918	0.568					-0.000918	0.56	
			-0.000917	0.568					-0.000917	0.56	
			-0.000916	0.568					-0.000916	0.56	
			-0.000915	0.568					-0.000915	0.56	
			-0.000914	0.568					-0.000914	0.56	
			-0.000913	0.56					-0.000913	0.56	
			-0.000912	0.576					-0.000912	0.56	
			-0.000911	0.568					-0.000911	0.56	
			-0.00091	0.568					-0.00091	0.56	
			-0.000909	0.568					-0.000909	0.56	
			-0.000908	0.576					-0.000908	0.56	
			-0.000907	0.568					-0.000907	0.56	
			-0.000906	0.568					-0.000906	0.56	
			-0.000905	0.552					-0.000905	0.56	
			-0.000904	0.568					-0.000904	0.56	
			-0.000903	0.568					-0.000903	0.56	
			-0.000902	0.568					-0.000902	0.56	
			-0.000901	0.56					-0.000901	0.56	
			-0.0009	0.56					-0.0009	0.56	
			-0.000899	0.568					-0.000899	0.56	
			-0.000898	0.568					-0.000898	0.56	
			-0.000897	0.56					-0.000897	0.56	
			-0.000896	0.568					-0.000896	0.56	
			-0.000895	0.56					-0.000895	0.56	
			-0.000894	0.568					-0.000894	0.56	
			-0.000893	0.568					-0.000893	0.56	
			-0.000892	0.568					-0.000892	0.56	
			-0.000891	0.568					-0.000891	0.56	
			-0.00089	0.568					-0.00089	0.56	
			-0.000889	0.568					-0.000889	0.56	
			-0.000888	0.552					-0.000888	0.56	
			-0.000887	0.568					-0.000887	0.56	
			-0.000886	0.56					-0.000886	0.56	
			-0.000885	0.568					-0.000885	0.56	
			-0.000884	0.56					-0.000884	0.56	
			-0.000883	0.568					-0.000883	0.56	
			-0.000882	0.56					-0.000882	0.56	
			-0.000881	0.568					-0.000881	0.56	
			-0.00088	0.568					-0.00088	0.56	
			-0.000879	0.56					-0.000879	0.56	
			-0.000878	0.56					-0.000878	0.56	
			-0.000877	0.56					-0.000877	0.552	
			-0.000876	0.568					-0.000876	0.56	
			-0.000875	0.56					-0.000875	0.56	
			-0.000874	0.568					-0.000874	0.552	
			-0.000873	0.568					-0.000873	0.56	
			-0.000872	0.568					-0.000872	0.56	
			-0.000871	0.56					-0.000871	0.56	
			-0.00087	0.568					-0.00087	0.56	
			-0.000869	0.568					-0.000869	0.56	
			-0.000868	0.568					-0.000868	0.56	
			-0.000867	0.56					-0.000867	0.552	
			-0.000866	0.568					-0.000866	0.56	
			-0.000865	0.56					-0.000865	0.56	
			-0.000864	0.568					-0.000864	0.552	
			-0.000863	0.568					-0.000863	0.552	
			-0.000862	0.56					-0.000862	0.552	
			-0.000861	0.568					-0.000861	0.56	
			-0.00086	0.568					-0.00086	0.552	
			-0.000859	0.568					-0.000859	0.56	
			-0.000858	0.568					-0.000858	0.56	
			-0.000857	0.568					-0.000857	0.56	
			-0.000856	0.568					-0.000856	0.56	
			-0.000855	0.568					-0.000855	0.56	
			-0.000854	0.56					-0.000854	0.56	
			-0.000853	0.56					-0.000853	0.56	
			-0.000852	0.568					-0.000852	0.56	
			-0.000851	0.56					-0.000851	0.552	
			-0.00085	0.568					-0.00085	0.56	
			-0.000849	0.568					-0.000849	0.568	
			-0.000848	0.568					-0.000848	0.56	
			-0.000847	0.568					-0.000847	0.56	
			-0.000846	0.568					-0.000846	0.56	
			-0.000845	0.568					-0.000845	0.552	
			-0.000844	0.568					-0.000844	0.56	
			-0.000843	0.56					-0.000843	0.56	
			-0.000842	0.552					-0.000842	0.552	
			-0.000841	0.56					-0.000841	0.56	
			-0.00084	0.56					-0.00084	0.552	
			-0.000839	0.568					-0.000839	0.56	
			-0.000838	0.568					-0.000838	0.56	
			-0.000837	0.568					-0.000837	0.56	
			-0.000836	0.56					-0.000836	0.56	
			-0.000835	0.56					-0.000835	0.56	
			-0.000834	0.56					-0.000834	0.56	
			-0.000833	0.568					-0.000833	0.56	
			-0.000832	0.552					-0.000832	0.56	
			-0.000831	0.576					-0.000831	0.56	
			-0.00083	0.568					-0.00083	0.56	
			-0.000829	0.568					-0.000829	0.56	
			-0.000828	0.56					-0.000828	0.56	
			-0.000827	0.568					-0.000827	0.56	
			-0.000826	0.568					-0.000826	0.56	
			-0.000825	0.568					-0.000825	0.56	
			-0.000824	0.568					-0.000824	0.552	
			-0.000823	0.56					-0.000823	0.552	
			-0.000822	0.568					-0.000822	0.56	
			-0.000821	0.568					-0.000821	0.56	
			-0.00082	0.56					-0.00082	0.56	
			-0.000819	0.568					-0.000819	0.56	
			-0.000818	0.568					-0.000818	0.56	
			-0.000817	0.568					-0.000817	0.56	
			-0.000816	0.56					-0.000816	0.56	
			-0.000815	0.56					-0.000815	0.56	
			-0.000814	0.568					-0.000814	0.56	
			-0.000813	0.568					-0.000813	0.56	
			-0.000812	0.568					-0.000812	0.56	
			-0.000811	0.568					-0.000811	0.56	
			-0.00081	0.56					-0.00081	0.56	
			-0.000809	0.56					-0.000809	0.56	
			-0.000808	0.568					-0.000808	0.56	
			-0.000807	0.568					-0.000807	0.552	
			-0.000806	0.568					-0.000806	0.56	
			-0.000805	0.56					-0.000805	0.56	
			-0.000804	0.568					-0.000804	0.56	
			-0.000803	0.568					-0.000803	0.56	
			-0.000802	0.568					-0.000802	0.552	
			-0.000801	0.568					-0.000801	0.552	
			-0.0008	0.56					-0.0008	0.56	
			-0.000799	0.544					-0.000799	0.56	
			-0.000798	0.552					-0.000798	0.56	
			-0.000797	0.56					-0.000797	0.552	
			-0.000796	0.56					-0.000796	0.56	
			-0.000795	0.56					-0.000795	0.56	
			-0.000794	0.568					-0.000794	0.56	
			-0.000793	0.56					-0.000793	0.56	
			-0.000792	0.56					-0.000792	0.56	
			-0.000791	0.56					-0.000791	0.56	
			-0.00079	0.56					-0.00079	0.552	
			-0.000789	0.568					-0.000789	0.56	
			-0.000788	0.568					-0.000788	0.56	
			-0.000787	0.576					-0.000787	0.56	
			-0.000786	0.568					-0.000786	0.552	
			-0.000785	0.568					-0.000785	0.552	
			-0.000784	0.576					-0.000784	0.56	
			-0.000783	0.568					-0.000783	0.56	
			-0.000782	0.56					-0.000782	0.56	
			-0.000781	0.568					-0.000781	0.56	
			-0.00078	0.568					-0.00078	0.56	
			-0.000779	0.56					-0.000779	0.56	
			-0.000778	0.56					-0.000778	0.56	
			-0.000777	0.56					-0.000777	0.56	
			-0.000776	0.568					-0.000776	0.56	
			-0.000775	0.568					-0.000775	0.56	
			-0.000774	0.56					-0.000774	0.552	
			-0.000773	0.56					-0.000773	0.56	
			-0.000772	0.568					-0.000772	0.56	
			-0.000771	0.568					-0.000771	0.56	
			-0.00077	0.568					-0.00077	0.56	
			-0.000769	0.568					-0.000769	0.56	
			-0.000768	0.552					-0.000768	0.56	
			-0.000767	0.56					-0.000767	0.56	
			-0.000766	0.568					-0.000766	0.56	
			-0.000765	0.568					-0.000765	0.56	
			-0.000764	0.568					-0.000764	0.56	
			-0.000763	0.56					-0.000763	0.56	
			-0.000762	0.568					-0.000762	0.552	
			-0.000761	0.56					-0.000761	0.56	
			-0.00076	0.568					-0.00076	0.56	
			-0.000759	0.552					-0.000759	0.56	
			-0.000758	0.568					-0.000758	0.56	
			-0.000757	0.568					-0.000757	0.552	
			-0.000756	0.568					-0.000756	0.56	
			-0.000755	0.568					-0.000755	0.56	
			-0.000754	0.568					-0.000754	0.56	
			-0.000753	0.568					-0.000753	0.56	
			-0.000752	0.576					-0.000752	0.552	
			-0.000751	0.568					-0.000751	0.56	
			-0.00075	0.576					-0.00075	0.56	
			-0.000749	0.568					-0.000749	0.56	
			-0.000748	0.568					-0.000748	0.568	
			-0.000747	0.56					-0.000747	0.56	
			-0.000746	0.576					-0.000746	0.56	
			-0.000745	0.56					-0.000745	0.552	
			-0.000744	0.56					-0.000744	0.56	
			-0.000743	0.552					-0.000743	0.56	
			-0.000742	0.568					-0.000742	0.56	
			-0.000741	0.568					-0.000741	0.552	
			-0.00074	0.568					-0.00074	0.56	
			-0.000739	0.568					-0.000739	0.56	
			-0.000738	0.568					-0.000738	0.56	
			-0.000737	0.568					-0.000737	0.56	
			-0.000736	0.552					-0.000736	0.56	
			-0.000735	0.552					-0.000735	0.56	
			-0.000734	0.568					-0.000734	0.56	
			-0.000733	0.568					-0.000733	0.56	
			-0.000732	0.56					-0.000732	0.56	
			-0.000731	0.568					-0.000731	0.56	
			-0.00073	0.568					-0.00073	0.56	
			-0.000729	0.568					-0.000729	0.56	
			-0.000728	0.56					-0.000728	0.56	
			-0.000727	0.568					-0.000727	0.56	
			-0.000726	0.568					-0.000726	0.56	
			-0.000725	0.568					-0.000725	0.552	
			-0.000724	0.568					-0.000724	0.56	
			-0.000723	0.568					-0.000723	0.56	
			-0.000722	0.568					-0.000722	0.56	
			-0.000721	0.56					-0.000721	0.56	
			-0.00072	0.568					-0.00072	0.56	
			-0.000719	0.568					-0.000719	0.56	
			-0.000718	0.568					-0.000718	0.552	
			-0.000717	0.568					-0.000717	0.56	
			-0.000716	0.568					-0.000716	0.56	
			-0.000715	0.568					-0.000715	0.552	
			-0.000714	0.568					-0.000714	0.56	
			-0.000713	0.56					-0.000713	0.56	
			-0.000712	0.552					-0.000712	0.56	
			-0.000711	0.56					-0.000711	0.56	
			-0.00071	0.568					-0.00071	0.56	
			-0.000709	0.568					-0.000709	0.56	
			-0.000708	0.568					-0.000708	0.56	
			-0.000707	0.568					-0.000707	0.56	
			-0.000706	0.56					-0.000706	0.56	
			-0.000705	0.56					-0.000705	0.56	
			-0.000704	0.552					-0.000704	0.56	
			-0.000703	0.552					-0.000703	0.56	
			-0.000702	0.568					-0.000702	0.56	
			-0.000701	0.568					-0.000701	0.56	
			-0.0007	0.568					-0.0007	0.56	
			-0.000699	0.568					-0.000699	0.56	
			-0.000698	0.568					-0.000698	0.56	
			-0.000697	0.568					-0.000697	0.56	
			-0.000696	0.576					-0.000696	0.56	
			-0.000695	0.568					-0.000695	0.56	
			-0.000694	0.568					-0.000694	0.56	
			-0.000693	0.568					-0.000693	0.552	
			-0.000692	0.568					-0.000692	0.56	
			-0.000691	0.568					-0.000691	0.56	
			-0.00069	0.576					-0.00069	0.552	
			-0.000689	0.56					-0.000689	0.56	
			-0.000688	0.576					-0.000688	0.552	
			-0.000687	0.568					-0.000687	0.56	
			-0.000686	0.568					-0.000686	0.552	
			-0.000685	0.568					-0.000685	0.56	
			-0.000684	0.568					-0.000684	0.56	
			-0.000683	0.56					-0.000683	0.56	
			-0.000682	0.56					-0.000682	0.56	
			-0.000681	0.568					-0.000681	0.56	
			-0.00068	0.56					-0.00068	0.56	
			-0.000679	0.56					-0.000679	0.56	
			-0.000678	0.568					-0.000678	0.56	
			-0.000677	0.568					-0.000677	0.56	
			-0.000676	0.576					-0.000676	0.56	
			-0.000675	0.568					-0.000675	0.56	
			-0.000674	0.56					-0.000674	0.568	
			-0.000673	0.568					-0.000673	0.568	
			-0.000672	0.56					-0.000672	0.56	
			-0.000671	0.568					-0.000671	0.56	
			-0.00067	0.568					-0.00067	0.552	
			-0.000669	0.568					-0.000669	0.56	
			-0.000668	0.576					-0.000668	0.56	
			-0.000667	0.56					-0.000667	0.56	
			-0.000666	0.568					-0.000666	0.56	
			-0.000665	0.576					-0.000665	0.552	
			-0.000664	0.56					-0.000664	0.56	
			-0.000663	0.568					-0.000663	0.56	
			-0.000662	0.568					-0.000662	0.56	
			-0.000661	0.568					-0.000661	0.568	
			-0.00066	0.568					-0.00066	0.552	
			-0.000659	0.56					-0.000659	0.56	
			-0.000658	0.552					-0.000658	0.56	
			-0.000657	0.568					-0.000657	0.56	
			-0.000656	0.576					-0.000656	0.552	
			-0.000655	0.576					-0.000655	0.56	
			-0.000654	0.568					-0.000654	0.56	
			-0.000653	0.568					-0.000653	0.56	
			-0.000652	0.568					-0.000652	0.56	
			-0.000651	0.568					-0.000651	0.552	
			-0.00065	0.568					-0.00065	0.552	
			-0.000649	0.568					-0.000649	0.56	
			-0.000648	0.56					-0.000648	0.56	
			-0.000647	0.568					-0.000647	0.56	
			-0.000646	0.56					-0.000646	0.56	
			-0.000645	0.568					-0.000645	0.56	
			-0.000644	0.568					-0.000644	0.56	
			-0.000643	0.568					-0.000643	0.56	
			-0.000642	0.568					-0.000642	0.56	
			-0.000641	0.568					-0.000641	0.56	
			-0.00064	0.568					-0.00064	0.552	
			-0.000639	0.568					-0.000639	0.56	
			-0.000638	0.568					-0.000638	0.56	
			-0.000637	0.568					-0.000637	0.56	
			-0.000636	0.568					-0.000636	0.56	
			-0.000635	0.56					-0.000635	0.552	
			-0.000634	0.56					-0.000634	0.56	
			-0.000633	0.56					-0.000633	0.552	
			-0.000632	0.568					-0.000632	0.552	
			-0.000631	0.576					-0.000631	0.552	
			-0.00063	0.568					-0.00063	0.56	
			-0.000629	0.56					-0.000629	0.56	
			-0.000628	0.56					-0.000628	0.56	
			-0.000627	0.56					-0.000627	0.552	
			-0.000626	0.568					-0.000626	0.552	
			-0.000625	0.568					-0.000625	0.56	
			-0.000624	0.576					-0.000624	0.56	
			-0.000623	0.568					-0.000623	0.56	
			-0.000622	0.568					-0.000622	0.56	
			-0.000621	0.568					-0.000621	0.56	
			-0.00062	0.568					-0.00062	0.56	
			-0.000619	0.568					-0.000619	0.56	
			-0.000618	0.568					-0.000618	0.56	
			-0.000617	0.568					-0.000617	0.56	
			-0.000616	0.576					-0.000616	0.56	
			-0.000615	0.576					-0.000615	0.552	
			-0.000614	0.568					-0.000614	0.56	
			-0.000613	0.568					-0.000613	0.56	
			-0.000612	0.568					-0.000612	0.56	
			-0.000611	0.56					-0.000611	0.56	
			-0.00061	0.568					-0.00061	0.56	
			-0.000609	0.568					-0.000609	0.56	
			-0.000608	0.568					-0.000608	0.56	
			-0.000607	0.56					-0.000607	0.552	
			-0.000606	0.56					-0.000606	0.552	
			-0.000605	0.56					-0.000605	0.56	
			-0.000604	0.56					-0.000604	0.56	
			-0.000603	0.568					-0.000603	0.552	
			-0.000602	0.568					-0.000602	0.552	
			-0.000601	0.568					-0.000601	0.552	
			-0.0006	0.568					-0.0006	0.56	
			-0.000599	0.568					-0.000599	0.56	
			-0.000598	0.568					-0.000598	0.56	
			-0.000597	0.576					-0.000597	0.56	
			-0.000596	0.568					-0.000596	0.552	
			-0.000595	0.568					-0.000595	0.552	
			-0.000594	0.568					-0.000594	0.56	
			-0.000593	0.56					-0.000593	0.56	
			-0.000592	0.576					-0.000592	0.56	
			-0.000591	0.576					-0.000591	0.56	
			-0.00059	0.568					-0.00059	0.56	
			-0.000589	0.568					-0.000589	0.56	
			-0.000588	0.56					-0.000588	0.56	
			-0.000587	0.56					-0.000587	0.56	
			-0.000586	0.56					-0.000586	0.552	
			-0.000585	0.56					-0.000585	0.552	
			-0.000584	0.56					-0.000584	0.56	
			-0.000583	0.56					-0.000583	0.56	
			-0.000582	0.568					-0.000582	0.56	
			-0.000581	0.568					-0.000581	0.56	
			-0.00058	0.568					-0.00058	0.56	
			-0.000579	0.56					-0.000579	0.56	
			-0.000578	0.56					-0.000578	0.56	
			-0.000577	0.568					-0.000577	0.56	
			-0.000576	0.56					-0.000576	0.56	
			-0.000575	0.568					-0.000575	0.56	
			-0.000574	0.568					-0.000574	0.552	
			-0.000573	0.568					-0.000573	0.56	
			-0.000572	0.568					-0.000572	0.56	
			-0.000571	0.576					-0.000571	0.56	
			-0.00057	0.56					-0.00057	0.56	
			-0.000569	0.56					-0.000569	0.552	
			-0.000568	0.56					-0.000568	0.552	
			-0.000567	0.568					-0.000567	0.56	
			-0.000566	0.568					-0.000566	0.56	
			-0.000565	0.584					-0.000565	0.56	
			-0.000564	0.56					-0.000564	0.552	
			-0.000563	0.568					-0.000563	0.56	
			-0.000562	0.568					-0.000562	0.56	
			-0.000561	0.568					-0.000561	0.56	
			-0.00056	0.568					-0.00056	0.56	
			-0.000559	0.56					-0.000559	0.56	
			-0.000558	0.56					-0.000558	0.56	
			-0.000557	0.56					-0.000557	0.56	
			-0.000556	0.568					-0.000556	0.56	
			-0.000555	0.56					-0.000555	0.56	
			-0.000554	0.56					-0.000554	0.56	
			-0.000553	0.552					-0.000553	0.56	
			-0.000552	0.552					-0.000552	0.56	
			-0.000551	0.568					-0.000551	0.56	
			-0.00055	0.56					-0.00055	0.56	
			-0.000549	0.568					-0.000549	0.56	
			-0.000548	0.576					-0.000548	0.56	
			-0.000547	0.568					-0.000547	0.56	
			-0.000546	0.568					-0.000546	0.56	
			-0.000545	0.568					-0.000545	0.56	
			-0.000544	0.568					-0.000544	0.56	
			-0.000543	0.576					-0.000543	0.56	
			-0.000542	0.568					-0.000542	0.56	
			-0.000541	0.568					-0.000541	0.56	
			-0.00054	0.568					-0.00054	0.56	
			-0.000539	0.568					-0.000539	0.56	
			-0.000538	0.576					-0.000538	0.56	
			-0.000537	0.568					-0.000537	0.56	
			-0.000536	0.568					-0.000536	0.56	
			-0.000535	0.576					-0.000535	0.56	
			-0.000534	0.56					-0.000534	0.552	
			-0.000533	0.568					-0.000533	0.56	
			-0.000532	0.568					-0.000532	0.56	
			-0.000531	0.568					-0.000531	0.56	
			-0.00053	0.56					-0.00053	0.56	
			-0.000529	0.56					-0.000529	0.552	
			-0.000528	0.56					-0.000528	0.56	
			-0.000527	0.56					-0.000527	0.56	
			-0.000526	0.56					-0.000526	0.56	
			-0.000525	0.568					-0.000525	0.56	
			-0.000524	0.56					-0.000524	0.56	
			-0.000523	0.56					-0.000523	0.56	
			-0.000522	0.56					-0.000522	0.552	
			-0.000521	0.568					-0.000521	0.56	
			-0.00052	0.552					-0.00052	0.56	
			-0.000519	0.56					-0.000519	0.56	
			-0.000518	0.568					-0.000518	0.56	
			-0.000517	0.568					-0.000517	0.552	
			-0.000516	0.552					-0.000516	0.552	
			-0.000515	0.568					-0.000515	0.56	
			-0.000514	0.568					-0.000514	0.56	
			-0.000513	0.568					-0.000513	0.56	
			-0.000512	0.568					-0.000512	0.552	
			-0.000511	0.48					-0.000511	-0.56	
			-0.00051	0.024					-0.00051	-0.552	
			-0.000509	-0.432					-0.000509	-0.552	
			-0.000508	-0.544					-0.000508	-0.56	
			-0.000507	-0.56					-0.000507	-0.552	
			-0.000506	-0.56					-0.000506	-0.552	
			-0.000505	-0.544					-0.000505	-0.56	
			-0.000504	-0.544					-0.000504	-0.56	
			-0.000503	-0.552					-0.000503	-0.56	
			-0.000502	-0.544					-0.000502	-0.56	
			-0.000501	-0.552					-0.000501	-0.56	
			-0.0005	-0.56					-0.0005	-0.56	
			-0.000499	-0.56					-0.000499	-0.552	
			-0.000498	-0.56					-0.000498	-0.552	
			-0.000497	-0.552					-0.000497	-0.56	
			-0.000496	-0.568					-0.000496	-0.56	
			-0.000495	-0.568					-0.000495	-0.56	
			-0.000494	-0.552					-0.000494	-0.56	
			-0.000493	-0.552					-0.000493	-0.552	
			-0.000492	-0.56					-0.000492	-0.56	
			-0.000491	-0.552					-0.000491	-0.56	
			-0.00049	-0.552					-0.00049	-0.56	
			-0.000489	-0.552					-0.000489	-0.56	
			-0.000488	-0.568					-0.000488	-0.56	
			-0.000487	-0.56					-0.000487	-0.56	
			-0.000486	-0.56					-0.000486	-0.552	
			-0.000485	-0.544					-0.000485	-0.56	
			-0.000484	-0.544					-0.000484	-0.56	
			-0.000483	-0.552					-0.000483	-0.56	
			-0.000482	-0.552					-0.000482	-0.56	
			-0.000481	-0.56					-0.000481	-0.56	
			-0.00048	-0.552					-0.00048	-0.56	
			-0.000479	-0.552					-0.000479	-0.552	
			-0.000478	-0.552					-0.000478	-0.56	
			-0.000477	-0.544					-0.000477	-0.56	
			-0.000476	-0.552					-0.000476	-0.552	
			-0.000475	-0.536					-0.000475	-0.56	
			-0.000474	-0.56					-0.000474	-0.552	
			-0.000473	-0.552					-0.000473	-0.56	
			-0.000472	-0.544					-0.000472	-0.56	
			-0.000471	-0.56					-0.000471	-0.56	
			-0.00047	-0.552					-0.00047	-0.552	
			-0.000469	-0.56					-0.000469	-0.56	
			-0.000468	-0.544					-0.000468	-0.552	
			-0.000467	-0.56					-0.000467	-0.552	
			-0.000466	-0.56					-0.000466	-0.56	
			-0.000465	-0.56					-0.000465	-0.56	
			-0.000464	-0.568					-0.000464	-0.56	
			-0.000463	-0.56					-0.000463	-0.56	
			-0.000462	-0.56					-0.000462	-0.552	
			-0.000461	-0.544					-0.000461	-0.56	
			-0.00046	-0.544					-0.00046	-0.552	
			-0.000459	-0.544					-0.000459	-0.56	
			-0.000458	-0.552					-0.000458	-0.56	
			-0.000457	-0.552					-0.000457	-0.56	
			-0.000456	-0.56					-0.000456	-0.56	
			-0.000455	-0.552					-0.000455	-0.56	
			-0.000454	-0.56					-0.000454	-0.56	
			-0.000453	-0.552					-0.000453	-0.56	
			-0.000452	-0.552					-0.000452	-0.56	
			-0.000451	-0.544					-0.000451	-0.56	
			-0.00045	-0.544					-0.00045	-0.552	
			-0.000449	-0.552					-0.000449	-0.56	
			-0.000448	-0.544					-0.000448	-0.56	
			-0.000447	-0.544					-0.000447	-0.56	
			-0.000446	-0.544					-0.000446	-0.56	
			-0.000445	-0.552					-0.000445	-0.552	
			-0.000444	-0.552					-0.000444	-0.56	
			-0.000443	-0.552					-0.000443	-0.56	
			-0.000442	-0.56					-0.000442	-0.56	
			-0.000441	-0.552					-0.000441	-0.56	
			-0.00044	-0.536					-0.00044	-0.552	
			-0.000439	-0.544					-0.000439	-0.56	
			-0.000438	-0.544					-0.000438	-0.56	
			-0.000437	-0.56					-0.000437	-0.56	
			-0.000436	-0.552					-0.000436	-0.56	
			-0.000435	-0.552					-0.000435	-0.552	
			-0.000434	-0.552					-0.000434	-0.56	
			-0.000433	-0.56					-0.000433	-0.56	
			-0.000432	-0.568					-0.000432	-0.56	
			-0.000431	-0.568					-0.000431	-0.56	
			-0.00043	-0.56					-0.00043	-0.56	
			-0.000429	-0.568					-0.000429	-0.56	
			-0.000428	-0.56					-0.000428	-0.56	
			-0.000427	-0.552					-0.000427	-0.56	
			-0.000426	-0.544					-0.000426	-0.552	
			-0.000425	-0.544					-0.000425	-0.56	
			-0.000424	-0.56					-0.000424	-0.552	
			-0.000423	-0.552					-0.000423	-0.56	
			-0.000422	-0.544					-0.000422	-0.56	
			-0.000421	-0.552					-0.000421	-0.56	
			-0.00042	-0.552					-0.00042	-0.56	
			-0.000419	-0.56					-0.000419	-0.56	
			-0.000418	-0.552					-0.000418	-0.56	
			-0.000417	-0.552					-0.000417	-0.56	
			-0.000416	-0.552					-0.000416	-0.56	
			-0.000415	-0.552					-0.000415	-0.56	
			-0.000414	-0.56					-0.000414	-0.56	
			-0.000413	-0.56					-0.000413	-0.56	
			-0.000412	-0.56					-0.000412	-0.56	
			-0.000411	-0.552					-0.000411	-0.56	
			-0.00041	-0.56					-0.00041	-0.552	
			-0.000409	-0.544					-0.000409	-0.56	
			-0.000408	-0.552					-0.000408	-0.552	
			-0.000407	-0.56					-0.000407	-0.56	
			-0.000406	-0.552					-0.000406	-0.552	
			-0.000405	-0.56					-0.000405	-0.56	
			-0.000404	-0.56					-0.000404	-0.56	
			-0.000403	-0.56					-0.000403	-0.56	
			-0.000402	-0.56					-0.000402	-0.56	
			-0.000401	-0.56					-0.000401	-0.56	
			-0.0004	-0.56					-0.0004	-0.552	
			-0.000399	-0.552					-0.000399	-0.56	
			-0.000398	-0.552					-0.000398	-0.56	
			-0.000397	-0.56					-0.000397	-0.552	
			-0.000396	-0.552					-0.000396	-0.56	
			-0.000395	-0.552					-0.000395	-0.56	
			-0.000394	-0.552					-0.000394	-0.56	
			-0.000393	-0.552					-0.000393	-0.56	
			-0.000392	-0.56					-0.000392	-0.56	
			-0.000391	-0.56					-0.000391	-0.56	
			-0.00039	-0.552					-0.00039	-0.56	
			-0.000389	-0.544					-0.000389	-0.56	
			-0.000388	-0.544					-0.000388	-0.56	
			-0.000387	-0.552					-0.000387	-0.552	
			-0.000386	-0.544					-0.000386	-0.56	
			-0.000385	-0.544					-0.000385	-0.56	
			-0.000384	-0.536					-0.000384	-0.552	
			-0.000383	-0.536					-0.000383	-0.552	
			-0.000382	-0.544					-0.000382	-0.56	
			-0.000381	-0.56					-0.000381	-0.56	
			-0.00038	-0.56					-0.00038	-0.56	
			-0.000379	-0.552					-0.000379	-0.56	
			-0.000378	-0.544					-0.000378	-0.56	
			-0.000377	-0.56					-0.000377	-0.552	
			-0.000376	-0.544					-0.000376	-0.552	
			-0.000375	-0.544					-0.000375	-0.56	
			-0.000374	-0.552					-0.000374	-0.552	
			-0.000373	-0.552					-0.000373	-0.56	
			-0.000372	-0.56					-0.000372	-0.56	
			-0.000371	-0.56					-0.000371	-0.56	
			-0.00037	-0.56					-0.00037	-0.56	
			-0.000369	-0.552					-0.000369	-0.56	
			-0.000368	-0.56					-0.000368	-0.56	
			-0.000367	-0.56					-0.000367	-0.56	
			-0.000366	-0.552					-0.000366	-0.552	
			-0.000365	-0.552					-0.000365	-0.56	
			-0.000364	-0.56					-0.000364	-0.56	
			-0.000363	-0.56					-0.000363	-0.56	
			-0.000362	-0.552					-0.000362	-0.552	
			-0.000361	-0.552					-0.000361	-0.56	
			-0.00036	-0.568					-0.00036	-0.56	
			-0.000359	-0.552					-0.000359	-0.56	
			-0.000358	-0.552					-0.000358	-0.56	
			-0.000357	-0.56					-0.000357	-0.552	
			-0.000356	-0.56					-0.000356	-0.56	
			-0.000355	-0.552					-0.000355	-0.56	
			-0.000354	-0.552					-0.000354	-0.56	
			-0.000353	-0.544					-0.000353	-0.56	
			-0.000352	-0.544					-0.000352	-0.56	
			-0.000351	-0.552					-0.000351	-0.56	
			-0.00035	-0.552					-0.00035	-0.56	
			-0.000349	-0.544					-0.000349	-0.56	
			-0.000348	-0.552					-0.000348	-0.56	
			-0.000347	-0.552					-0.000347	-0.56	
			-0.000346	-0.552					-0.000346	-0.56	
			-0.000345	-0.56					-0.000345	-0.552	
			-0.000344	-0.544					-0.000344	-0.56	
			-0.000343	-0.552					-0.000343	-0.56	
			-0.000342	-0.56					-0.000342	-0.56	
			-0.000341	-0.568					-0.000341	-0.56	
			-0.00034	-0.56					-0.00034	-0.56	
			-0.000339	-0.56					-0.000339	-0.56	
			-0.000338	-0.56					-0.000338	-0.56	
			-0.000337	-0.552					-0.000337	-0.56	
			-0.000336	-0.552					-0.000336	-0.56	
			-0.000335	-0.568					-0.000335	-0.56	
			-0.000334	-0.56					-0.000334	-0.56	
			-0.000333	-0.552					-0.000333	-0.56	
			-0.000332	-0.56					-0.000332	-0.552	
			-0.000331	-0.56					-0.000331	-0.552	
			-0.00033	-0.552					-0.00033	-0.56	
			-0.000329	-0.552					-0.000329	-0.56	
			-0.000328	-0.56					-0.000328	-0.552	
			-0.000327	-0.552					-0.000327	-0.56	
			-0.000326	-0.544					-0.000326	-0.56	
			-0.000325	-0.536					-0.000325	-0.56	
			-0.000324	-0.552					-0.000324	-0.56	
			-0.000323	-0.552					-0.000323	-0.56	
			-0.000322	-0.552					-0.000322	-0.552	
			-0.000321	-0.552					-0.000321	-0.56	
			-0.00032	-0.552					-0.00032	-0.56	
			-0.000319	-0.536					-0.000319	-0.56	
			-0.000318	-0.544					-0.000318	-0.56	
			-0.000317	-0.552					-0.000317	-0.552	
			-0.000316	-0.552					-0.000316	-0.56	
			-0.000315	-0.56					-0.000315	-0.56	
			-0.000314	-0.552					-0.000314	-0.56	
			-0.000313	-0.552					-0.000313	-0.56	
			-0.000312	-0.544					-0.000312	-0.56	
			-0.000311	-0.552					-0.000311	-0.56	
			-0.00031	-0.56					-0.00031	-0.56	
			-0.000309	-0.544					-0.000309	-0.56	
			-0.000308	-0.544					-0.000308	-0.56	
			-0.000307	-0.552					-0.000307	-0.56	
			-0.000306	-0.552					-0.000306	-0.56	
			-0.000305	-0.56					-0.000305	-0.552	
			-0.000304	-0.552					-0.000304	-0.56	
			-0.000303	-0.56					-0.000303	-0.56	
			-0.000302	-0.552					-0.000302	-0.56	
			-0.000301	-0.544					-0.000301	-0.552	
			-0.0003	-0.552					-0.0003	-0.56	
			-0.000299	-0.552					-0.000299	-0.56	
			-0.000298	-0.56					-0.000298	-0.56	
			-0.000297	-0.552					-0.000297	-0.552	
			-0.000296	-0.568					-0.000296	-0.56	
			-0.000295	-0.552					-0.000295	-0.56	
			-0.000294	-0.544					-0.000294	-0.56	
			-0.000293	-0.552					-0.000293	-0.56	
			-0.000292	-0.552					-0.000292	-0.56	
			-0.000291	-0.544					-0.000291	-0.56	
			-0.00029	-0.552					-0.00029	-0.56	
			-0.000289	-0.552					-0.000289	-0.56	
			-0.000288	-0.544					-0.000288	-0.552	
			-0.000287	-0.552					-0.000287	-0.56	
			-0.000286	-0.544					-0.000286	-0.56	
			-0.000285	-0.552					-0.000285	-0.56	
			-0.000284	-0.552					-0.000284	-0.56	
			-0.000283	-0.56					-0.000283	-0.56	
			-0.000282	-0.56					-0.000282	-0.56	
			-0.000281	-0.552					-0.000281	-0.56	
			-0.00028	-0.552					-0.00028	-0.56	
			-0.000279	-0.552					-0.000279	-0.56	
			-0.000278	-0.552					-0.000278	-0.552	
			-0.000277	-0.56					-0.000277	-0.56	
			-0.000276	-0.56					-0.000276	-0.552	
			-0.000275	-0.552					-0.000275	-0.56	
			-0.000274	-0.552					-0.000274	-0.56	
			-0.000273	-0.56					-0.000273	-0.56	
			-0.000272	-0.56					-0.000272	-0.56	
			-0.000271	-0.56					-0.000271	-0.56	
			-0.00027	-0.568					-0.00027	-0.552	
			-0.000269	-0.552					-0.000269	-0.56	
			-0.000268	-0.552					-0.000268	-0.56	
			-0.000267	-0.552					-0.000267	-0.56	
			-0.000266	-0.552					-0.000266	-0.56	
			-0.000265	-0.552					-0.000265	-0.56	
			-0.000264	-0.568					-0.000264	-0.56	
			-0.000263	-0.56					-0.000263	-0.56	
			-0.000262	-0.552					-0.000262	-0.56	
			-0.000261	-0.552					-0.000261	-0.56	
			-0.00026	-0.56					-0.00026	-0.56	
			-0.000259	-0.552					-0.000259	-0.56	
			-0.000258	-0.56					-0.000258	-0.56	
			-0.000257	-0.544					-0.000257	-0.56	
			-0.000256	-0.544					-0.000256	-0.56	
			-0.000255	-0.544					-0.000255	-0.56	
			-0.000254	-0.552					-0.000254	-0.552	
			-0.000253	-0.56					-0.000253	-0.56	
			-0.000252	-0.552					-0.000252	-0.56	
			-0.000251	-0.56					-0.000251	-0.56	
			-0.00025	-0.552					-0.00025	-0.56	
			-0.000249	-0.552					-0.000249	-0.56	
			-0.000248	-0.544					-0.000248	-0.552	
			-0.000247	-0.552					-0.000247	-0.56	
			-0.000246	-0.552					-0.000246	-0.56	
			-0.000245	-0.56					-0.000245	-0.56	
			-0.000244	-0.552					-0.000244	-0.56	
			-0.000243	-0.56					-0.000243	-0.552	
			-0.000242	-0.56					-0.000242	-0.56	
			-0.000241	-0.552					-0.000241	-0.552	
			-0.00024	-0.552					-0.00024	-0.56	
			-0.000239	-0.552					-0.000239	-0.56	
			-0.000238	-0.568					-0.000238	-0.56	
			-0.000237	-0.56					-0.000237	-0.56	
			-0.000236	-0.56					-0.000236	-0.56	
			-0.000235	-0.552					-0.000235	-0.56	
			-0.000234	-0.552					-0.000234	-0.56	
			-0.000233	-0.536					-0.000233	-0.56	
			-0.000232	-0.56					-0.000232	-0.552	
			-0.000231	-0.544					-0.000231	-0.552	
			-0.00023	-0.552					-0.00023	-0.56	
			-0.000229	-0.56					-0.000229	-0.56	
			-0.000228	-0.552					-0.000228	-0.56	
			-0.000227	-0.552					-0.000227	-0.56	
			-0.000226	-0.56					-0.000226	-0.552	
			-0.000225	-0.552					-0.000225	-0.56	
			-0.000224	-0.536					-0.000224	-0.552	
			-0.000223	-0.544					-0.000223	-0.56	
			-0.000222	-0.552					-0.000222	-0.56	
			-0.000221	-0.552					-0.000221	-0.56	
			-0.00022	-0.56					-0.00022	-0.56	
			-0.000219	-0.552					-0.000219	-0.56	
			-0.000218	-0.552					-0.000218	-0.56	
			-0.000217	-0.544					-0.000217	-0.56	
			-0.000216	-0.536					-0.000216	-0.552	
			-0.000215	-0.544					-0.000215	-0.56	
			-0.000214	-0.544					-0.000214	-0.56	
			-0.000213	-0.544					-0.000213	-0.56	
			-0.000212	-0.552					-0.000212	-0.56	
			-0.000211	-0.552					-0.000211	-0.56	
			-0.00021	-0.56					-0.00021	-0.56	
			-0.000209	-0.56					-0.000209	-0.56	
			-0.000208	-0.56					-0.000208	-0.56	
			-0.000207	-0.56					-0.000207	-0.56	
			-0.000206	-0.552					-0.000206	-0.56	
			-0.000205	-0.56					-0.000205	-0.552	
			-0.000204	-0.568					-0.000204	-0.552	
			-0.000203	-0.568					-0.000203	-0.56	
			-0.000202	-0.56					-0.000202	-0.552	
			-0.000201	-0.56					-0.000201	-0.56	
			-0.0002	-0.56					-0.0002	-0.56	
			-0.000199	-0.56					-0.000199	-0.56	
			-0.000198	-0.568					-0.000198	-0.56	
			-0.000197	-0.552					-0.000197	-0.56	
			-0.000196	-0.56					-0.000196	-0.56	
			-0.000195	-0.56					-0.000195	-0.56	
			-0.000194	-0.56					-0.000194	-0.552	
			-0.000193	-0.552					-0.000193	-0.56	
			-0.000192	-0.544					-0.000192	-0.56	
			-0.000191	-0.552					-0.000191	-0.56	
			-0.00019	-0.544					-0.00019	-0.56	
			-0.000189	-0.544					-0.000189	-0.552	
			-0.000188	-0.56					-0.000188	-0.552	
			-0.000187	-0.56					-0.000187	-0.56	
			-0.000186	-0.552					-0.000186	-0.552	
			-0.000185	-0.552					-0.000185	-0.552	
			-0.000184	-0.544					-0.000184	-0.552	
			-0.000183	-0.552					-0.000183	-0.56	
			-0.000182	-0.552					-0.000182	-0.56	
			-0.000181	-0.56					-0.000181	-0.56	
			-0.00018	-0.552					-0.00018	-0.568	
			-0.000179	-0.56					-0.000179	-0.56	
			-0.000178	-0.56					-0.000178	-0.56	
			-0.000177	-0.56					-0.000177	-0.56	
			-0.000176	-0.552					-0.000176	-0.56	
			-0.000175	-0.56					-0.000175	-0.56	
			-0.000174	-0.56					-0.000174	-0.544	
			-0.000173	-0.552					-0.000173	-0.56	
			-0.000172	-0.552					-0.000172	-0.56	
			-0.000171	-0.56					-0.000171	-0.56	
			-0.00017	-0.56					-0.00017	-0.56	
			-0.000169	-0.56					-0.000169	-0.56	
			-0.000168	-0.568					-0.000168	-0.56	
			-0.000167	-0.56					-0.000167	-0.56	
			-0.000166	-0.56					-0.000166	-0.56	
			-0.000165	-0.552					-0.000165	-0.552	
			-0.000164	-0.552					-0.000164	-0.552	
			-0.000163	-0.56					-0.000163	-0.56	
			-0.000162	-0.56					-0.000162	-0.56	
			-0.000161	-0.56					-0.000161	-0.56	
			-0.00016	-0.552					-0.00016	-0.552	
			-0.000159	-0.552					-0.000159	-0.552	
			-0.000158	-0.552					-0.000158	-0.56	
			-0.000157	-0.552					-0.000157	-0.552	
			-0.000156	-0.552					-0.000156	-0.56	
			-0.000155	-0.544					-0.000155	-0.56	
			-0.000154	-0.552					-0.000154	-0.56	
			-0.000153	-0.552					-0.000153	-0.56	
			-0.000152	-0.544					-0.000152	-0.56	
			-0.000151	-0.552					-0.000151	-0.56	
			-0.00015	-0.552					-0.00015	-0.56	
			-0.000149	-0.552					-0.000149	-0.56	
			-0.000148	-0.552					-0.000148	-0.56	
			-0.000147	-0.552					-0.000147	-0.56	
			-0.000146	-0.56					-0.000146	-0.56	
			-0.000145	-0.56					-0.000145	-0.56	
			-0.000144	-0.544					-0.000144	-0.552	
			-0.000143	-0.56					-0.000143	-0.552	
			-0.000142	-0.552					-0.000142	-0.552	
			-0.000141	-0.552					-0.000141	-0.56	
			-0.00014	-0.552					-0.00014	-0.56	
			-0.000139	-0.544					-0.000139	-0.552	
			-0.000138	-0.552					-0.000138	-0.552	
			-0.000137	-0.56					-0.000137	-0.56	
			-0.000136	-0.568					-0.000136	-0.56	
			-0.000135	-0.568					-0.000135	-0.56	
			-0.000134	-0.56					-0.000134	-0.552	
			-0.000133	-0.544					-0.000133	-0.552	
			-0.000132	-0.552					-0.000132	-0.552	
			-0.000131	-0.56					-0.000131	-0.56	
			-0.00013	-0.568					-0.00013	-0.56	
			-0.000129	-0.56					-0.000129	-0.56	
			-0.000128	-0.56					-0.000128	-0.552	
			-0.000127	-0.56					-0.000127	-0.56	
			-0.000126	-0.552					-0.000126	-0.56	
			-0.000125	-0.56					-0.000125	-0.56	
			-0.000124	-0.552					-0.000124	-0.56	
			-0.000123	-0.552					-0.000123	-0.56	
			-0.000122	-0.544					-0.000122	-0.56	
			-0.000121	-0.544					-0.000121	-0.56	
			-0.00012	-0.544					-0.00012	-0.56	
			-0.000119	-0.56					-0.000119	-0.56	
			-0.000118	-0.552					-0.000118	-0.56	
			-0.000117	-0.552					-0.000117	-0.56	
			-0.000116	-0.552					-0.000116	-0.56	
			-0.000115	-0.56					-0.000115	-0.56	
			-0.000114	-0.56					-0.000114	-0.552	
			-0.000113	-0.56					-0.000113	-0.56	
			-0.000112	-0.544					-0.000112	-0.56	
			-0.000111	-0.552					-0.000111	-0.56	
			-0.00011	-0.56					-0.00011	-0.56	
			-0.000109	-0.56					-0.000109	-0.552	
			-0.000108	-0.56					-0.000108	-0.56	
			-0.000107	-0.568					-0.000107	-0.56	
			-0.000106	-0.56					-0.000106	-0.56	
			-0.000105	-0.568					-0.000105	-0.552	
			-0.000104	-0.56					-0.000104	-0.56	
			-0.000103	-0.552					-0.000103	-0.56	
			-0.000102	-0.552					-0.000102	-0.56	
			-0.000101	-0.56					-0.000101	-0.56	
			-0.0001	-0.56					-0.0001	-0.56	
			-9.90001e-005	-0.56					-9.90001e-005	-0.56	
			-9.80001e-005	-0.56					-9.80001e-005	-0.56	
			-9.70001e-005	-0.56					-9.70001e-005	-0.56	
			-9.60001e-005	-0.56					-9.60001e-005	-0.552	
			-9.50001e-005	-0.552					-9.50001e-005	-0.56	
			-9.40001e-005	-0.56					-9.40001e-005	-0.56	
			-9.30001e-005	-0.552					-9.30001e-005	-0.56	
			-9.20001e-005	-0.552					-9.20001e-005	-0.56	
			-9.10001e-005	-0.56					-9.10001e-005	-0.56	
			-9.00001e-005	-0.56					-9.00001e-005	-0.56	
			-8.90001e-005	-0.552					-8.90001e-005	-0.56	
			-8.80001e-005	-0.544					-8.80001e-005	-0.56	
			-8.70001e-005	-0.544					-8.70001e-005	-0.56	
			-8.60001e-005	-0.544					-8.60001e-005	-0.56	
			-8.50001e-005	-0.552					-8.50001e-005	-0.56	
			-8.40001e-005	-0.552					-8.40001e-005	-0.56	
			-8.30001e-005	-0.552					-8.30001e-005	-0.56	
			-8.20001e-005	-0.56					-8.20001e-005	-0.552	
			-8.10001e-005	-0.56					-8.10001e-005	-0.552	
			-8.00001e-005	-0.552					-8.00001e-005	-0.56	
			-7.90001e-005	-0.544					-7.90001e-005	-0.56	
			-7.80001e-005	-0.552					-7.80001e-005	-0.552	
			-7.70001e-005	-0.56					-7.70001e-005	-0.56	
			-7.60001e-005	-0.552					-7.60001e-005	-0.56	
			-7.50001e-005	-0.552					-7.50001e-005	-0.56	
			-7.40001e-005	-0.568					-7.40001e-005	-0.56	
			-7.30001e-005	-0.568					-7.30001e-005	-0.552	
			-7.20001e-005	-0.568					-7.20001e-005	-0.56	
			-7.10001e-005	-0.56					-7.10001e-005	-0.56	
			-7.00001e-005	-0.56					-7.00001e-005	-0.56	
			-6.90001e-005	-0.56					-6.90001e-005	-0.56	
			-6.80001e-005	-0.552					-6.80001e-005	-0.552	
			-6.70001e-005	-0.56					-6.70001e-005	-0.56	
			-6.60001e-005	-0.56					-6.60001e-005	-0.56	
			-6.50001e-005	-0.56					-6.50001e-005	-0.552	
			-6.40001e-005	-0.568					-6.40001e-005	-0.56	
			-6.30001e-005	-0.552					-6.30001e-005	-0.552	
			-6.20001e-005	-0.552					-6.20001e-005	-0.56	
			-6.10001e-005	-0.552					-6.10001e-005	-0.56	
			-6.00001e-005	-0.56					-6.00001e-005	-0.56	
			-5.90001e-005	-0.56					-5.90001e-005	-0.56	
			-5.80001e-005	-0.544					-5.80001e-005	-0.56	
			-5.70001e-005	-0.552					-5.70001e-005	-0.56	
			-5.60001e-005	-0.552					-5.60001e-005	-0.552	
			-5.50001e-005	-0.56					-5.50001e-005	-0.56	
			-5.40001e-005	-0.552					-5.40001e-005	-0.56	
			-5.30001e-005	-0.552					-5.30001e-005	-0.56	
			-5.20001e-005	-0.56					-5.20001e-005	-0.56	
			-5.10001e-005	-0.552					-5.10001e-005	-0.56	
			-5.00001e-005	-0.544					-5.00001e-005	-0.56	
			-4.90001e-005	-0.56					-4.90001e-005	-0.56	
			-4.80001e-005	-0.552					-4.80001e-005	-0.56	
			-4.70001e-005	-0.552					-4.70001e-005	-0.56	
			-4.60001e-005	-0.552					-4.60001e-005	-0.56	
			-4.50001e-005	-0.552					-4.50001e-005	-0.56	
			-4.40001e-005	-0.56					-4.40001e-005	-0.552	
			-4.30001e-005	-0.56					-4.30001e-005	-0.552	
			-4.20001e-005	-0.56					-4.20001e-005	-0.56	
			-4.10001e-005	-0.552					-4.10001e-005	-0.56	
			-4.00001e-005	-0.56					-4.00001e-005	-0.56	
			-3.90001e-005	-0.552					-3.90001e-005	-0.552	
			-3.80001e-005	-0.56					-3.80001e-005	-0.56	
			-3.70001e-005	-0.552					-3.70001e-005	-0.56	
			-3.60001e-005	-0.552					-3.60001e-005	-0.56	
			-3.50001e-005	-0.552					-3.50001e-005	-0.56	
			-3.40001e-005	-0.56					-3.40001e-005	-0.56	
			-3.30001e-005	-0.552					-3.30001e-005	-0.56	
			-3.20001e-005	-0.56					-3.20001e-005	-0.56	
			-3.10001e-005	-0.56					-3.10001e-005	-0.56	
			-3.00001e-005	-0.552					-3.00001e-005	-0.56	
			-2.90001e-005	-0.552					-2.90001e-005	-0.552	
			-2.80001e-005	-0.56					-2.80001e-005	-0.56	
			-2.70001e-005	-0.552					-2.70001e-005	-0.552	
			-2.60001e-005	-0.56					-2.60001e-005	-0.56	
			-2.50001e-005	-0.56					-2.50001e-005	-0.56	
			-2.40001e-005	-0.544					-2.40001e-005	-0.56	
			-2.30001e-005	-0.56					-2.30001e-005	-0.552	
			-2.20001e-005	-0.552					-2.20001e-005	-0.56	
			-2.10001e-005	-0.552					-2.10001e-005	-0.56	
			-2.00001e-005	-0.56					-2.00001e-005	-0.56	
			-1.90001e-005	-0.56					-1.90001e-005	-0.56	
			-1.80001e-005	-0.56					-1.80001e-005	-0.552	
			-1.70001e-005	-0.56					-1.70001e-005	-0.56	
			-1.60001e-005	-0.56					-1.60001e-005	-0.56	
			-1.50001e-005	-0.568					-1.50001e-005	-0.56	
			-1.40001e-005	-0.56					-1.40001e-005	-0.56	
			-1.30001e-005	-0.544					-1.30001e-005	-0.56	
			-1.20001e-005	-0.552					-1.20001e-005	-0.56	
			-1.10001e-005	-0.56					-1.10001e-005	-0.56	
			-1.00001e-005	-0.552					-1.00001e-005	-0.56	
			-9.00009e-006	-0.56					-9.00009e-006	-0.56	
			-8.00009e-006	-0.56					-8.00009e-006	-0.56	
			-7.00009e-006	-0.56					-7.00009e-006	-0.56	
			-6.00009e-006	-0.552					-6.00009e-006	-0.56	
			-5.00009e-006	-0.536					-5.00009e-006	-0.56	
			-4.00009e-006	-0.544					-4.00009e-006	-0.56	
			-3.00009e-006	-0.552					-3.00009e-006	-0.552	
			-2.00009e-006	-0.552					-2.00009e-006	-0.552	
			-1.00009e-006	-0.56					-1.00009e-006	-0.552	
			-9.16316e-011	-0.536					-9.16316e-011	0.56	
			9.99908e-007	0.128					9.99908e-007	0.552	
			1.99991e-006	0.552					1.99991e-006	0.56	
			2.99991e-006	0.56					2.99991e-006	0.552	
			3.99991e-006	0.568					3.99991e-006	0.56	
			4.99991e-006	0.568					4.99991e-006	0.56	
			5.99991e-006	0.568					5.99991e-006	0.552	
			6.99991e-006	0.56					6.99991e-006	0.56	
			7.99991e-006	0.568					7.99991e-006	0.56	
			8.99991e-006	0.568					8.99991e-006	0.56	
			9.99991e-006	0.568					9.99991e-006	0.56	
			1.09999e-005	0.568					1.09999e-005	0.56	
			1.19999e-005	0.568					1.19999e-005	0.56	
			1.29999e-005	0.568					1.29999e-005	0.56	
			1.39999e-005	0.56					1.39999e-005	0.56	
			1.49999e-005	0.568					1.49999e-005	0.552	
			1.59999e-005	0.552					1.59999e-005	0.56	
			1.69999e-005	0.56					1.69999e-005	0.552	
			1.79999e-005	0.568					1.79999e-005	0.552	
			1.89999e-005	0.568					1.89999e-005	0.56	
			1.99999e-005	0.56					1.99999e-005	0.56	
			2.09999e-005	0.56					2.09999e-005	0.56	
			2.19999e-005	0.568					2.19999e-005	0.56	
			2.29999e-005	0.568					2.29999e-005	0.56	
			2.39999e-005	0.568					2.39999e-005	0.56	
			2.49999e-005	0.568					2.49999e-005	0.56	
			2.59999e-005	0.568					2.59999e-005	0.56	
			2.69999e-005	0.576					2.69999e-005	0.56	
			2.79999e-005	0.568					2.79999e-005	0.56	
			2.89999e-005	0.576					2.89999e-005	0.56	
			2.99999e-005	0.568					2.99999e-005	0.56	
			3.09999e-005	0.568					3.09999e-005	0.56	
			3.19999e-005	0.568					3.19999e-005	0.56	
			3.29999e-005	0.568					3.29999e-005	0.56	
			3.39999e-005	0.576					3.39999e-005	0.56	
			3.49999e-005	0.568					3.49999e-005	0.56	
			3.59999e-005	0.568					3.59999e-005	0.56	
			3.69999e-005	0.568					3.69999e-005	0.56	
			3.79999e-005	0.568					3.79999e-005	0.552	
			3.89999e-005	0.56					3.89999e-005	0.56	
			3.99999e-005	0.568					3.99999e-005	0.56	
			4.09999e-005	0.568					4.09999e-005	0.56	
			4.19999e-005	0.56					4.19999e-005	0.56	
			4.29999e-005	0.568					4.29999e-005	0.552	
			4.39999e-005	0.576					4.39999e-005	0.552	
			4.49999e-005	0.568					4.49999e-005	0.56	
			4.59999e-005	0.568					4.59999e-005	0.56	
			4.69999e-005	0.56					4.69999e-005	0.56	
			4.79999e-005	0.552					4.79999e-005	0.56	
			4.89999e-005	0.56					4.89999e-005	0.56	
			4.99999e-005	0.568					4.99999e-005	0.56	
			5.09999e-005	0.56					5.09999e-005	0.56	
			5.19999e-005	0.56					5.19999e-005	0.56	
			5.29999e-005	0.56					5.29999e-005	0.56	
			5.39999e-005	0.56					5.39999e-005	0.56	
			5.49999e-005	0.568					5.49999e-005	0.56	
			5.59999e-005	0.568					5.59999e-005	0.552	
			5.69999e-005	0.56					5.69999e-005	0.56	
			5.79999e-005	0.56					5.79999e-005	0.56	
			5.89999e-005	0.56					5.89999e-005	0.56	
			5.99999e-005	0.568					5.99999e-005	0.56	
			6.09999e-005	0.568					6.09999e-005	0.56	
			6.19999e-005	0.568					6.19999e-005	0.56	
			6.29999e-005	0.568					6.29999e-005	0.56	
			6.39999e-005	0.568					6.39999e-005	0.56	
			6.49999e-005	0.576					6.49999e-005	0.56	
			6.59999e-005	0.56					6.59999e-005	0.552	
			6.69999e-005	0.568					6.69999e-005	0.56	
			6.79999e-005	0.568					6.79999e-005	0.56	
			6.89999e-005	0.56					6.89999e-005	0.56	
			6.99999e-005	0.56					6.99999e-005	0.56	
			7.09999e-005	0.552					7.09999e-005	0.56	
			7.19999e-005	0.568					7.19999e-005	0.56	
			7.29999e-005	0.568					7.29999e-005	0.56	
			7.39999e-005	0.576					7.39999e-005	0.56	
			7.49999e-005	0.568					7.49999e-005	0.56	
			7.59999e-005	0.56					7.59999e-005	0.552	
			7.69999e-005	0.568					7.69999e-005	0.56	
			7.79999e-005	0.568					7.79999e-005	0.56	
			7.89999e-005	0.568					7.89999e-005	0.568	
			7.99999e-005	0.568					7.99999e-005	0.56	
			8.09999e-005	0.568					8.09999e-005	0.56	
			8.19999e-005	0.576					8.19999e-005	0.56	
			8.29999e-005	0.576					8.29999e-005	0.56	
			8.39999e-005	0.568					8.39999e-005	0.56	
			8.49999e-005	0.56					8.49999e-005	0.56	
			8.59999e-005	0.568					8.59999e-005	0.56	
			8.69999e-005	0.576					8.69999e-005	0.56	
			8.79999e-005	0.584					8.79999e-005	0.56	
			8.89999e-005	0.576					8.89999e-005	0.56	
			8.99999e-005	0.576					8.99999e-005	0.56	
			9.09999e-005	0.56					9.09999e-005	0.552	
			9.19999e-005	0.568					9.19999e-005	0.552	
			9.29999e-005	0.576					9.29999e-005	0.56	
			9.39999e-005	0.576					9.39999e-005	0.56	
			9.49999e-005	0.576					9.49999e-005	0.552	
			9.59999e-005	0.584					9.59999e-005	0.552	
			9.69999e-005	0.568					9.69999e-005	0.552	
			9.79999e-005	0.576					9.79999e-005	0.552	
			9.89999e-005	0.568					9.89999e-005	0.56	
			9.99999e-005	0.568					9.99999e-005	0.552	
			0.000101	0.56					0.000101	0.56	
			0.000102	0.568					0.000102	0.56	
			0.000103	0.568					0.000103	0.56	
			0.000104	0.568					0.000104	0.56	
			0.000105	0.56					0.000105	0.56	
			0.000106	0.56					0.000106	0.56	
			0.000107	0.56					0.000107	0.56	
			0.000108	0.56					0.000108	0.56	
			0.000109	0.56					0.000109	0.56	
			0.00011	0.568					0.00011	0.56	
			0.000111	0.56					0.000111	0.56	
			0.000112	0.552					0.000112	0.56	
			0.000113	0.56					0.000113	0.552	
			0.000114	0.568					0.000114	0.56	
			0.000115	0.568					0.000115	0.56	
			0.000116	0.56					0.000116	0.552	
			0.000117	0.56					0.000117	0.56	
			0.000118	0.568					0.000118	0.56	
			0.000119	0.576					0.000119	0.56	
			0.00012	0.576					0.00012	0.56	
			0.000121	0.568					0.000121	0.56	
			0.000122	0.568					0.000122	0.56	
			0.000123	0.568					0.000123	0.56	
			0.000124	0.56					0.000124	0.56	
			0.000125	0.568					0.000125	0.552	
			0.000126	0.568					0.000126	0.56	
			0.000127	0.584					0.000127	0.56	
			0.000128	0.576					0.000128	0.552	
			0.000129	0.568					0.000129	0.56	
			0.00013	0.56					0.00013	0.56	
			0.000131	0.568					0.000131	0.56	
			0.000132	0.568					0.000132	0.56	
			0.000133	0.568					0.000133	0.56	
			0.000134	0.576					0.000134	0.56	
			0.000135	0.568					0.000135	0.56	
			0.000136	0.568					0.000136	0.56	
			0.000137	0.568					0.000137	0.56	
			0.000138	0.56					0.000138	0.552	
			0.000139	0.56					0.000139	0.56	
			0.00014	0.568					0.00014	0.56	
			0.000141	0.56					0.000141	0.56	
			0.000142	0.568					0.000142	0.56	
			0.000143	0.568					0.000143	0.56	
			0.000144	0.56					0.000144	0.56	
			0.000145	0.552					0.000145	0.56	
			0.000146	0.56					0.000146	0.56	
			0.000147	0.552					0.000147	0.56	
			0.000148	0.56					0.000148	0.56	
			0.000149	0.568					0.000149	0.56	
			0.00015	0.568					0.00015	0.56	
			0.000151	0.568					0.000151	0.56	
			0.000152	0.568					0.000152	0.552	
			0.000153	0.568					0.000153	0.56	
			0.000154	0.568					0.000154	0.56	
			0.000155	0.568					0.000155	0.56	
			0.000156	0.576					0.000156	0.56	
			0.000157	0.576					0.000157	0.56	
			0.000158	0.568					0.000158	0.56	
			0.000159	0.576					0.000159	0.56	
			0.00016	0.576					0.00016	0.552	
			0.000161	0.576					0.000161	0.56	
			0.000162	0.568					0.000162	0.56	
			0.000163	0.56					0.000163	0.56	
			0.000164	0.568					0.000164	0.56	
			0.000165	0.576					0.000165	0.56	
			0.000166	0.576					0.000166	0.56	
			0.000167	0.568					0.000167	0.56	
			0.000168	0.56					0.000168	0.56	
			0.000169	0.568					0.000169	0.56	
			0.00017	0.552					0.00017	0.552	
			0.000171	0.56					0.000171	0.552	
			0.000172	0.568					0.000172	0.56	
			0.000173	0.568					0.000173	0.56	
			0.000174	0.56					0.000174	0.56	
			0.000175	0.552					0.000175	0.56	
			0.000176	0.552					0.000176	0.56	
			0.000177	0.56					0.000177	0.56	
			0.000178	0.56					0.000178	0.56	
			0.000179	0.568					0.000179	0.56	
			0.00018	0.568					0.00018	0.56	
			0.000181	0.576					0.000181	0.56	
			0.000182	0.568					0.000182	0.56	
			0.000183	0.568					0.000183	0.552	
			0.000184	0.568					0.000184	0.552	
			0.000185	0.568					0.000185	0.56	
			0.000186	0.568					0.000186	0.56	
			0.000187	0.568					0.000187	0.552	
			0.000188	0.576					0.000188	0.56	
			0.000189	0.576					0.000189	0.56	
			0.00019	0.568					0.00019	0.56	
			0.000191	0.568					0.000191	0.56	
			0.000192	0.56					0.000192	0.56	
			0.000193	0.56					0.000193	0.552	
			0.000194	0.56					0.000194	0.56	
			0.000195	0.568					0.000195	0.56	
			0.000196	0.568					0.000196	0.56	
			0.000197	0.568					0.000197	0.56	
			0.000198	0.56					0.000198	0.56	
			0.000199	0.56					0.000199	0.552	
			0.0002	0.56					0.0002	0.56	
			0.000201	0.56					0.000201	0.56	
			0.000202	0.56					0.000202	0.56	
			0.000203	0.568					0.000203	0.56	
			0.000204	0.56					0.000204	0.56	
			0.000205	0.568					0.000205	0.56	
			0.000206	0.568					0.000206	0.552	
			0.000207	0.552					0.000207	0.56	
			0.000208	0.56					0.000208	0.56	
			0.000209	0.568					0.000209	0.56	
			0.00021	0.568					0.00021	0.56	
			0.000211	0.568					0.000211	0.56	
			0.000212	0.576					0.000212	0.56	
			0.000213	0.568					0.000213	0.552	
			0.000214	0.568					0.000214	0.552	
			0.000215	0.568					0.000215	0.56	
			0.000216	0.576					0.000216	0.552	
			0.000217	0.568					0.000217	0.56	
			0.000218	0.56					0.000218	0.56	
			0.000219	0.568					0.000219	0.56	
			0.00022	0.568					0.00022	0.56	
			0.000221	0.568					0.000221	0.56	
			0.000222	0.568					0.000222	0.56	
			0.000223	0.56					0.000223	0.56	
			0.000224	0.568					0.000224	0.56	
			0.000225	0.56					0.000225	0.552	
			0.000226	0.576					0.000226	0.56	
			0.000227	0.56					0.000227	0.552	
			0.000228	0.56					0.000228	0.56	
			0.000229	0.56					0.000229	0.552	
			0.00023	0.568					0.00023	0.56	
			0.000231	0.56					0.000231	0.56	
			0.000232	0.552					0.000232	0.56	
			0.000233	0.56					0.000233	0.56	
			0.000234	0.568					0.000234	0.56	
			0.000235	0.568					0.000235	0.56	
			0.000236	0.568					0.000236	0.56	
			0.000237	0.568					0.000237	0.56	
			0.000238	0.568					0.000238	0.56	
			0.000239	0.568					0.000239	0.552	
			0.00024	0.576					0.00024	0.56	
			0.000241	0.576					0.000241	0.56	
			0.000242	0.576					0.000242	0.56	
			0.000243	0.576					0.000243	0.56	
			0.000244	0.568					0.000244	0.552	
			0.000245	0.568					0.000245	0.56	
			0.000246	0.568					0.000246	0.568	
			0.000247	0.568					0.000247	0.56	
			0.000248	0.56					0.000248	0.56	
			0.000249	0.568					0.000249	0.552	
			0.00025	0.568					0.00025	0.56	
			0.000251	0.568					0.000251	0.56	
			0.000252	0.552					0.000252	0.56	
			0.000253	0.552					0.000253	0.552	
			0.000254	0.56					0.000254	0.56	
			0.000255	0.568					0.000255	0.56	
			0.000256	0.568					0.000256	0.56	
			0.000257	0.576					0.000257	0.56	
			0.000258	0.568					0.000258	0.56	
			0.000259	0.568					0.000259	0.56	
			0.00026	0.568					0.00026	0.552	
			0.000261	0.56					0.000261	0.56	
			0.000262	0.568					0.000262	0.56	
			0.000263	0.56					0.000263	0.56	
			0.000264	0.544					0.000264	0.56	
			0.000265	0.56					0.000265	0.56	
			0.000266	0.568					0.000266	0.56	
			0.000267	0.568					0.000267	0.56	
			0.000268	0.568					0.000268	0.56	
			0.000269	0.568					0.000269	0.56	
			0.00027	0.56					0.00027	0.56	
			0.000271	0.56					0.000271	0.552	
			0.000272	0.56					0.000272	0.56	
			0.000273	0.56					0.000273	0.56	
			0.000274	0.568					0.000274	0.552	
			0.000275	0.56					0.000275	0.56	
			0.000276	0.56					0.000276	0.56	
			0.000277	0.552					0.000277	0.56	
			0.000278	0.552					0.000278	0.56	
			0.000279	0.568					0.000279	0.56	
			0.00028	0.56					0.00028	0.56	
			0.000281	0.576					0.000281	0.56	
			0.000282	0.568					0.000282	0.56	
			0.000283	0.568					0.000283	0.56	
			0.000284	0.56					0.000284	0.56	
			0.000285	0.56					0.000285	0.56	
			0.000286	0.576					0.000286	0.56	
			0.000287	0.568					0.000287	0.56	
			0.000288	0.576					0.000288	0.56	
			0.000289	0.568					0.000289	0.56	
			0.00029	0.576					0.00029	0.56	
			0.000291	0.568					0.000291	0.56	
			0.000292	0.56					0.000292	0.56	
			0.000293	0.56					0.000293	0.56	
			0.000294	0.568					0.000294	0.56	
			0.000295	0.56					0.000295	0.552	
			0.000296	0.552					0.000296	0.56	
			0.000297	0.568					0.000297	0.56	
			0.000298	0.56					0.000298	0.56	
			0.000299	0.56					0.000299	0.552	
			0.0003	0.552					0.0003	0.56	
			0.000301	0.56					0.000301	0.56	
			0.000302	0.56					0.000302	0.56	
			0.000303	0.56					0.000303	0.552	
			0.000304	0.568					0.000304	0.56	
			0.000305	0.568					0.000305	0.56	
			0.000306	0.56					0.000306	0.56	
			0.000307	0.568					0.000307	0.56	
			0.000308	0.56					0.000308	0.552	
			0.000309	0.56					0.000309	0.56	
			0.00031	0.576					0.00031	0.56	
			0.000311	0.576					0.000311	0.56	
			0.000312	0.576					0.000312	0.56	
			0.000313	0.568					0.000313	0.56	
			0.000314	0.568					0.000314	0.56	
			0.000315	0.568					0.000315	0.56	
			0.000316	0.568					0.000316	0.56	
			0.000317	0.568					0.000317	0.552	
			0.000318	0.56					0.000318	0.56	
			0.000319	0.568					0.000319	0.552	
			0.00032	0.576					0.00032	0.56	
			0.000321	0.568					0.000321	0.56	
			0.000322	0.568					0.000322	0.56	
			0.000323	0.56					0.000323	0.552	
			0.000324	0.56					0.000324	0.552	
			0.000325	0.56					0.000325	0.56	
			0.000326	0.56					0.000326	0.56	
			0.000327	0.552					0.000327	0.56	
			0.000328	0.552					0.000328	0.56	
			0.000329	0.544					0.000329	0.56	
			0.00033	0.552					0.00033	0.56	
			0.000331	0.56					0.000331	0.56	
			0.000332	0.56					0.000332	0.56	
			0.000333	0.56					0.000333	0.56	
			0.000334	0.568					0.000334	0.552	
			0.000335	0.568					0.000335	0.56	
			0.000336	0.568					0.000336	0.552	
			0.000337	0.56					0.000337	0.552	
			0.000338	0.568					0.000338	0.56	
			0.000339	0.568					0.000339	0.552	
			0.00034	0.568					0.00034	0.56	
			0.000341	0.56					0.000341	0.56	
			0.000342	0.568					0.000342	0.56	
			0.000343	0.576					0.000343	0.56	
			0.000344	0.568					0.000344	0.552	
			0.000345	0.568					0.000345	0.552	
			0.000346	0.56					0.000346	0.552	
			0.000347	0.568					0.000347	0.56	
			0.000348	0.568					0.000348	0.56	
			0.000349	0.56					0.000349	0.56	
			0.00035	0.56					0.00035	0.552	
			0.000351	0.576					0.000351	0.56	
			0.000352	0.568					0.000352	0.56	
			0.000353	0.552					0.000353	0.56	
			0.000354	0.56					0.000354	0.56	
			0.000355	0.56					0.000355	0.56	
			0.000356	0.56					0.000356	0.56	
			0.000357	0.552					0.000357	0.552	
			0.000358	0.568					0.000358	0.552	
			0.000359	0.56					0.000359	0.56	
			0.00036	0.552					0.00036	0.56	
			0.000361	0.56					0.000361	0.56	
			0.000362	0.56					0.000362	0.56	
			0.000363	0.568					0.000363	0.56	
			0.000364	0.576					0.000364	0.56	
			0.000365	0.568					0.000365	0.56	
			0.000366	0.568					0.000366	0.552	
			0.000367	0.56					0.000367	0.56	
			0.000368	0.568					0.000368	0.56	
			0.000369	0.568					0.000369	0.56	
			0.00037	0.568					0.00037	0.56	
			0.000371	0.568					0.000371	0.56	
			0.000372	0.56					0.000372	0.552	
			0.000373	0.56					0.000373	0.552	
			0.000374	0.56					0.000374	0.56	
			0.000375	0.568					0.000375	0.56	
			0.000376	0.568					0.000376	0.56	
			0.000377	0.56					0.000377	0.56	
			0.000378	0.56					0.000378	0.56	
			0.000379	0.568					0.000379	0.56	
			0.00038	0.568					0.00038	0.56	
			0.000381	0.56					0.000381	0.56	
			0.000382	0.56					0.000382	0.56	
			0.000383	0.568					0.000383	0.56	
			0.000384	0.568					0.000384	0.56	
			0.000385	0.568					0.000385	0.56	
			0.000386	0.576					0.000386	0.56	
			0.000387	0.568					0.000387	0.56	
			0.000388	0.568					0.000388	0.56	
			0.000389	0.568					0.000389	0.56	
			0.00039	0.552					0.00039	0.56	
			0.000391	0.56					0.000391	0.56	
			0.000392	0.56					0.000392	0.56	
			0.000393	0.568					0.000393	0.56	
			0.000394	0.56					0.000394	0.56	
			0.000395	0.568					0.000395	0.552	
			0.000396	0.568					0.000396	0.56	
			0.000397	0.568					0.000397	0.56	
			0.000398	0.56					0.000398	0.552	
			0.000399	0.56					0.000399	0.56	
			0.0004	0.56					0.0004	0.552	
			0.000401	0.568					0.000401	0.56	
			0.000402	0.568					0.000402	0.56	
			0.000403	0.56					0.000403	0.56	
			0.000404	0.56					0.000404	0.552	
			0.000405	0.56					0.000405	0.56	
			0.000406	0.56					0.000406	0.56	
			0.000407	0.568					0.000407	0.56	
			0.000408	0.568					0.000408	0.56	
			0.000409	0.568					0.000409	0.56	
			0.00041	0.56					0.00041	0.56	
			0.000411	0.56					0.000411	0.56	
			0.000412	0.56					0.000412	0.56	
			0.000413	0.552					0.000413	0.56	
			0.000414	0.552					0.000414	0.56	
			0.000415	0.56					0.000415	0.56	
			0.000416	0.56					0.000416	0.56	
			0.000417	0.56					0.000417	0.552	
			0.000418	0.568					0.000418	0.56	
			0.000419	0.552					0.000419	0.56	
			0.00042	0.56					0.00042	0.56	
			0.000421	0.552					0.000421	0.56	
			0.000422	0.552					0.000422	0.552	
			0.000423	0.56					0.000423	0.56	
			0.000424	0.568					0.000424	0.56	
			0.000425	0.56					0.000425	0.56	
			0.000426	0.56					0.000426	0.56	
			0.000427	0.56					0.000427	0.56	
			0.000428	0.56					0.000428	0.56	
			0.000429	0.56					0.000429	0.56	
			0.00043	0.552					0.00043	0.56	
			0.000431	0.568					0.000431	0.56	
			0.000432	0.568					0.000432	0.56	
			0.000433	0.568					0.000433	0.552	
			0.000434	0.568					0.000434	0.56	
			0.000435	0.568					0.000435	0.56	
			0.000436	0.568					0.000436	0.56	
			0.000437	0.568					0.000437	0.56	
			0.000438	0.568					0.000438	0.56	
			0.000439	0.568					0.000439	0.56	
			0.00044	0.576					0.00044	0.56	
			0.000441	0.576					0.000441	0.552	
			0.000442	0.568					0.000442	0.552	
			0.000443	0.552					0.000443	0.56	
			0.000444	0.568					0.000444	0.56	
			0.000445	0.568					0.000445	0.56	
			0.000446	0.568					0.000446	0.56	
			0.000447	0.56					0.000447	0.56	
			0.000448	0.568					0.000448	0.56	
			0.000449	0.568					0.000449	0.56	
			0.00045	0.56					0.00045	0.56	
			0.000451	0.56					0.000451	0.56	
			0.000452	0.56					0.000452	0.552	
			0.000453	0.56					0.000453	0.56	
			0.000454	0.56					0.000454	0.56	
			0.000455	0.56					0.000455	0.56	
			0.000456	0.56					0.000456	0.56	
			0.000457	0.568					0.000457	0.56	
			0.000458	0.56					0.000458	0.56	
			0.000459	0.56					0.000459	0.56	
			0.00046	0.56					0.00046	0.56	
			0.000461	0.552					0.000461	0.552	
			0.000462	0.568					0.000462	0.56	
			0.000463	0.56					0.000463	0.56	
			0.000464	0.56					0.000464	0.552	
			0.000465	0.56					0.000465	0.56	
			0.000466	0.56					0.000466	0.56	
			0.000467	0.568					0.000467	0.552	
			0.000468	0.56					0.000468	0.56	
			0.000469	0.552					0.000469	0.56	
			0.00047	0.56					0.00047	0.56	
			0.000471	0.568					0.000471	0.56	
			0.000472	0.576					0.000472	0.552	
			0.000473	0.568					0.000473	0.552	
			0.000474	0.568					0.000474	0.552	
			0.000475	0.568					0.000475	0.56	
			0.000476	0.568					0.000476	0.56	
			0.000477	0.56					0.000477	0.552	
			0.000478	0.568					0.000478	0.56	
			0.000479	0.56					0.000479	0.552	
			0.00048	0.576					0.00048	0.56	
			0.000481	0.568					0.000481	0.552	
			0.000482	0.568					0.000482	0.552	
			0.000483	0.56					0.000483	0.552	
			0.000484	0.568					0.000484	0.56	
			0.000485	0.568					0.000485	0.552	
			0.000486	0.568					0.000486	0.56	
			0.000487	0.568					0.000487	0.552	
			0.000488	0.568					0.000488	0.552	
			0.000489	0.432					0.000489	-0.56	
			0.00049	-0.024					0.00049	-0.56	
			0.000491	-0.488					0.000491	-0.56	
			0.000492	-0.56					0.000492	-0.56	
			0.000493	-0.568					0.000493	-0.552	
			0.000494	-0.56					0.000494	-0.552	
			0.000495	-0.56					0.000495	-0.552	
			0.000496	-0.56					0.000496	-0.56	
			0.000497	-0.552					0.000497	-0.56	
			0.000498	-0.552					0.000498	-0.56	
			0.000499	-0.56					0.000499	-0.552	
			0.0005	-0.56					0.0005	-0.56	
			0.000501	-0.56					0.000501	-0.552	
			0.000502	-0.552					0.000502	-0.56	
			0.000503	-0.552					0.000503	-0.56	
			0.000504	-0.536					0.000504	-0.56	
			0.000505	-0.552					0.000505	-0.56	
			0.000506	-0.552					0.000506	-0.56	
			0.000507	-0.56					0.000507	-0.56	
			0.000508	-0.56					0.000508	-0.56	
			0.000509	-0.552					0.000509	-0.56	
			0.00051	-0.544					0.00051	-0.56	
			0.000511	-0.552					0.000511	-0.56	
			0.000512	-0.544					0.000512	-0.56	
			0.000513	-0.552					0.000513	-0.56	
			0.000514	-0.56					0.000514	-0.552	
			0.000515	-0.552					0.000515	-0.56	
			0.000516	-0.552					0.000516	-0.56	
			0.000517	-0.56					0.000517	-0.56	
			0.000518	-0.56					0.000518	-0.552	
			0.000519	-0.56					0.000519	-0.56	
			0.00052	-0.56					0.00052	-0.552	
			0.000521	-0.552					0.000521	-0.56	
			0.000522	-0.56					0.000522	-0.552	
			0.000523	-0.568					0.000523	-0.56	
			0.000524	-0.56					0.000524	-0.552	
			0.000525	-0.552					0.000525	-0.56	
			0.000526	-0.552					0.000526	-0.56	
			0.000527	-0.552					0.000527	-0.56	
			0.000528	-0.56					0.000528	-0.56	
			0.000529	-0.544					0.000529	-0.56	
			0.00053	-0.552					0.00053	-0.56	
			0.000531	-0.56					0.000531	-0.552	
			0.000532	-0.56					0.000532	-0.552	
			0.000533	-0.56					0.000533	-0.552	
			0.000534	-0.544					0.000534	-0.552	
			0.000535	-0.552					0.000535	-0.56	
			0.000536	-0.544					0.000536	-0.56	
			0.000537	-0.544					0.000537	-0.56	
			0.000538	-0.552					0.000538	-0.56	
			0.000539	-0.56					0.000539	-0.552	
			0.00054	-0.552					0.00054	-0.56	
			0.000541	-0.552					0.000541	-0.56	
			0.000542	-0.56					0.000542	-0.552	
			0.000543	-0.56					0.000543	-0.56	
			0.000544	-0.552					0.000544	-0.56	
			0.000545	-0.552					0.000545	-0.56	
			0.000546	-0.56					0.000546	-0.56	
			0.000547	-0.568					0.000547	-0.56	
			0.000548	-0.56					0.000548	-0.56	
			0.000549	-0.56					0.000549	-0.56	
			0.00055	-0.56					0.00055	-0.56	
			0.000551	-0.56					0.000551	-0.56	
			0.000552	-0.56					0.000552	-0.56	
			0.000553	-0.552					0.000553	-0.56	
			0.000554	-0.552					0.000554	-0.56	
			0.000555	-0.56					0.000555	-0.56	
			0.000556	-0.56					0.000556	-0.56	
			0.000557	-0.544					0.000557	-0.56	
			0.000558	-0.552					0.000558	-0.552	
			0.000559	-0.552					0.000559	-0.56	
			0.00056	-0.544					0.00056	-0.56	
			0.000561	-0.56					0.000561	-0.552	
			0.000562	-0.56					0.000562	-0.56	
			0.000563	-0.56					0.000563	-0.56	
			0.000564	-0.56					0.000564	-0.552	
			0.000565	-0.56					0.000565	-0.56	
			0.000566	-0.56					0.000566	-0.56	
			0.000567	-0.56					0.000567	-0.56	
			0.000568	-0.544					0.000568	-0.552	
			0.000569	-0.552					0.000569	-0.56	
			0.00057	-0.552					0.00057	-0.56	
			0.000571	-0.56					0.000571	-0.552	
			0.000572	-0.552					0.000572	-0.56	
			0.000573	-0.56					0.000573	-0.56	
			0.000574	-0.552					0.000574	-0.56	
			0.000575	-0.552					0.000575	-0.56	
			0.000576	-0.56					0.000576	-0.56	
			0.000577	-0.56					0.000577	-0.56	
			0.000578	-0.552					0.000578	-0.552	
			0.000579	-0.56					0.000579	-0.56	
			0.00058	-0.552					0.00058	-0.56	
			0.000581	-0.552					0.000581	-0.552	
			0.000582	-0.552					0.000582	-0.56	
			0.000583	-0.56					0.000583	-0.552	
			0.000584	-0.56					0.000584	-0.552	
			0.000585	-0.568					0.000585	-0.56	
			0.000586	-0.544					0.000586	-0.56	
			0.000587	-0.552					0.000587	-0.56	
			0.000588	-0.56					0.000588	-0.56	
			0.000589	-0.552					0.000589	-0.56	
			0.00059	-0.552					0.00059	-0.56	
			0.000591	-0.56					0.000591	-0.56	
			0.000592	-0.552					0.000592	-0.56	
			0.000593	-0.56					0.000593	-0.56	
			0.000594	-0.552					0.000594	-0.56	
			0.000595	-0.56					0.000595	-0.56	
			0.000596	-0.552					0.000596	-0.56	
			0.000597	-0.56					0.000597	-0.552	
			0.000598	-0.56					0.000598	-0.56	
			0.000599	-0.56					0.000599	-0.56	
			0.0006	-0.56					0.0006	-0.56	
			0.000601	-0.56					0.000601	-0.56	
			0.000602	-0.552					0.000602	-0.56	
			0.000603	-0.56					0.000603	-0.56	
			0.000604	-0.56					0.000604	-0.56	
			0.000605	-0.568					0.000605	-0.56	
			0.000606	-0.56					0.000606	-0.56	
			0.000607	-0.56					0.000607	-0.56	
			0.000608	-0.552					0.000608	-0.56	
			0.000609	-0.552					0.000609	-0.56	
			0.00061	-0.552					0.00061	-0.56	
			0.000611	-0.544					0.000611	-0.56	
			0.000612	-0.552					0.000612	-0.56	
			0.000613	-0.56					0.000613	-0.56	
			0.000614	-0.56					0.000614	-0.56	
			0.000615	-0.544					0.000615	-0.56	
			0.000616	-0.552					0.000616	-0.56	
			0.000617	-0.544					0.000617	-0.56	
			0.000618	-0.552					0.000618	-0.56	
			0.000619	-0.544					0.000619	-0.56	
			0.00062	-0.552					0.00062	-0.56	
			0.000621	-0.544					0.000621	-0.56	
			0.000622	-0.56					0.000622	-0.552	
			0.000623	-0.56					0.000623	-0.56	
			0.000624	-0.552					0.000624	-0.56	
			0.000625	-0.56					0.000625	-0.56	
			0.000626	-0.552					0.000626	-0.56	
			0.000627	-0.552					0.000627	-0.56	
			0.000628	-0.552					0.000628	-0.56	
			0.000629	-0.568					0.000629	-0.56	
			0.00063	-0.56					0.00063	-0.552	
			0.000631	-0.56					0.000631	-0.56	
			0.000632	-0.552					0.000632	-0.56	
			0.000633	-0.552					0.000633	-0.56	
			0.000634	-0.56					0.000634	-0.56	
			0.000635	-0.56					0.000635	-0.56	
			0.000636	-0.552					0.000636	-0.56	
			0.000637	-0.56					0.000637	-0.552	
			0.000638	-0.56					0.000638	-0.56	
			0.000639	-0.56					0.000639	-0.56	
			0.00064	-0.56					0.00064	-0.552	
			0.000641	-0.56					0.000641	-0.56	
			0.000642	-0.552					0.000642	-0.552	
			0.000643	-0.552					0.000643	-0.544	
			0.000644	-0.544					0.000644	-0.56	
			0.000645	-0.552					0.000645	-0.56	
			0.000646	-0.552					0.000646	-0.56	
			0.000647	-0.56					0.000647	-0.552	
			0.000648	-0.552					0.000648	-0.56	
			0.000649	-0.544					0.000649	-0.552	
			0.00065	-0.552					0.00065	-0.56	
			0.000651	-0.544					0.000651	-0.56	
			0.000652	-0.544					0.000652	-0.56	
			0.000653	-0.552					0.000653	-0.552	
			0.000654	-0.552					0.000654	-0.56	
			0.000655	-0.568					0.000655	-0.56	
			0.000656	-0.56					0.000656	-0.552	
			0.000657	-0.56					0.000657	-0.56	
			0.000658	-0.56					0.000658	-0.56	
			0.000659	-0.56					0.000659	-0.56	
			0.00066	-0.552					0.00066	-0.56	
			0.000661	-0.56					0.000661	-0.56	
			0.000662	-0.56					0.000662	-0.552	
			0.000663	-0.56					0.000663	-0.552	
			0.000664	-0.56					0.000664	-0.552	
			0.000665	-0.56					0.000665	-0.552	
			0.000666	-0.56					0.000666	-0.56	
			0.000667	-0.552					0.000667	-0.56	
			0.000668	-0.568					0.000668	-0.56	
			0.000669	-0.56					0.000669	-0.552	
			0.00067	-0.552					0.00067	-0.56	
			0.000671	-0.552					0.000671	-0.56	
			0.000672	-0.544					0.000672	-0.56	
			0.000673	-0.552					0.000673	-0.552	
			0.000674	-0.56					0.000674	-0.552	
			0.000675	-0.552					0.000675	-0.552	
			0.000676	-0.552					0.000676	-0.56	
			0.000677	-0.544					0.000677	-0.56	
			0.000678	-0.544					0.000678	-0.552	
			0.000679	-0.544					0.000679	-0.56	
			0.00068	-0.552					0.00068	-0.56	
			0.000681	-0.552					0.000681	-0.56	
			0.000682	-0.552					0.000682	-0.56	
			0.000683	-0.552					0.000683	-0.56	
			0.000684	-0.544					0.000684	-0.552	
			0.000685	-0.552					0.000685	-0.56	
			0.000686	-0.552					0.000686	-0.56	
			0.000687	-0.552					0.000687	-0.56	
			0.000688	-0.544					0.000688	-0.56	
			0.000689	-0.552					0.000689	-0.56	
			0.00069	-0.56					0.00069	-0.552	
			0.000691	-0.552					0.000691	-0.56	
			0.000692	-0.56					0.000692	-0.56	
			0.000693	-0.56					0.000693	-0.56	
			0.000694	-0.56					0.000694	-0.56	
			0.000695	-0.544					0.000695	-0.56	
			0.000696	-0.552					0.000696	-0.56	
			0.000697	-0.56					0.000697	-0.56	
			0.000698	-0.568					0.000698	-0.552	
			0.000699	-0.568					0.000699	-0.56	
			0.0007	-0.56					0.0007	-0.552	
			0.000701	-0.56					0.000701	-0.56	
			0.000702	-0.544					0.000702	-0.56	
			0.000703	-0.544					0.000703	-0.56	
			0.000704	-0.552					0.000704	-0.56	
			0.000705	-0.552					0.000705	-0.56	
			0.000706	-0.544					0.000706	-0.56	
			0.000707	-0.544					0.000707	-0.56	
			0.000708	-0.552					0.000708	-0.552	
			0.000709	-0.552					0.000709	-0.56	
			0.00071	-0.552					0.00071	-0.552	
			0.000711	-0.552					0.000711	-0.56	
			0.000712	-0.544					0.000712	-0.56	
			0.000713	-0.544					0.000713	-0.56	
			0.000714	-0.552					0.000714	-0.56	
			0.000715	-0.536					0.000715	-0.56	
			0.000716	-0.56					0.000716	-0.56	
			0.000717	-0.56					0.000717	-0.56	
			0.000718	-0.56					0.000718	-0.552	
			0.000719	-0.56					0.000719	-0.56	
			0.00072	-0.56					0.00072	-0.56	
			0.000721	-0.552					0.000721	-0.56	
			0.000722	-0.552					0.000722	-0.56	
			0.000723	-0.56					0.000723	-0.56	
			0.000724	-0.552					0.000724	-0.56	
			0.000725	-0.552					0.000725	-0.552	
			0.000726	-0.568					0.000726	-0.56	
			0.000727	-0.56					0.000727	-0.56	
			0.000728	-0.552					0.000728	-0.56	
			0.000729	-0.56					0.000729	-0.56	
			0.00073	-0.56					0.00073	-0.56	
			0.000731	-0.56					0.000731	-0.56	
			0.000732	-0.56					0.000732	-0.56	
			0.000733	-0.552					0.000733	-0.56	
			0.000734	-0.552					0.000734	-0.56	
			0.000735	-0.56					0.000735	-0.56	
			0.000736	-0.568					0.000736	-0.56	
			0.000737	-0.56					0.000737	-0.56	
			0.000738	-0.552					0.000738	-0.56	
			0.000739	-0.544					0.000739	-0.56	
			0.00074	-0.552					0.00074	-0.568	
			0.000741	-0.56					0.000741	-0.56	
			0.000742	-0.56					0.000742	-0.56	
			0.000743	-0.56					0.000743	-0.56	
			0.000744	-0.56					0.000744	-0.56	
			0.000745	-0.552					0.000745	-0.56	
			0.000746	-0.56					0.000746	-0.552	
			0.000747	-0.56					0.000747	-0.56	
			0.000748	-0.552					0.000748	-0.56	
			0.000749	-0.56					0.000749	-0.56	
			0.00075	-0.56					0.00075	-0.56	
			0.000751	-0.56					0.000751	-0.552	
			0.000752	-0.568					0.000752	-0.552	
			0.000753	-0.552					0.000753	-0.56	
			0.000754	-0.544					0.000754	-0.56	
			0.000755	-0.552					0.000755	-0.552	
			0.000756	-0.544					0.000756	-0.552	
			0.000757	-0.56					0.000757	-0.552	
			0.000758	-0.552					0.000758	-0.56	
			0.000759	-0.56					0.000759	-0.56	
			0.00076	-0.552					0.00076	-0.56	
			0.000761	-0.552					0.000761	-0.56	
			0.000762	-0.544					0.000762	-0.56	
			0.000763	-0.544					0.000763	-0.56	
			0.000764	-0.552					0.000764	-0.56	
			0.000765	-0.536					0.000765	-0.56	
			0.000766	-0.544					0.000766	-0.56	
			0.000767	-0.544					0.000767	-0.552	
			0.000768	-0.56					0.000768	-0.552	
			0.000769	-0.552					0.000769	-0.56	
			0.00077	-0.552					0.00077	-0.56	
			0.000771	-0.544					0.000771	-0.56	
			0.000772	-0.552					0.000772	-0.56	
			0.000773	-0.544					0.000773	-0.56	
			0.000774	-0.56					0.000774	-0.56	
			0.000775	-0.552					0.000775	-0.56	
			0.000776	-0.552					0.000776	-0.56	
			0.000777	-0.552					0.000777	-0.56	
			0.000778	-0.552					0.000778	-0.56	
			0.000779	-0.552					0.000779	-0.56	
			0.00078	-0.552					0.00078	-0.56	
			0.000781	-0.544					0.000781	-0.56	
			0.000782	-0.552					0.000782	-0.56	
			0.000783	-0.56					0.000783	-0.552	
			0.000784	-0.56					0.000784	-0.56	
			0.000785	-0.552					0.000785	-0.552	
			0.000786	-0.544					0.000786	-0.56	
			0.000787	-0.544					0.000787	-0.56	
			0.000788	-0.552					0.000788	-0.56	
			0.000789	-0.552					0.000789	-0.56	
			0.00079	-0.56					0.00079	-0.56	
			0.000791	-0.544					0.000791	-0.56	
			0.000792	-0.552					0.000792	-0.56	
			0.000793	-0.56					0.000793	-0.552	
			0.000794	-0.552					0.000794	-0.56	
			0.000795	-0.544					0.000795	-0.56	
			0.000796	-0.544					0.000796	-0.56	
			0.000797	-0.552					0.000797	-0.552	
			0.000798	-0.552					0.000798	-0.552	
			0.000799	-0.56					0.000799	-0.56	
			0.0008	-0.56					0.0008	-0.56	
			0.000801	-0.56					0.000801	-0.56	
			0.000802	-0.544					0.000802	-0.552	
			0.000803	-0.552					0.000803	-0.552	
			0.000804	-0.552					0.000804	-0.56	
			0.000805	-0.568					0.000805	-0.56	
			0.000806	-0.552					0.000806	-0.56	
			0.000807	-0.56					0.000807	-0.552	
			0.000808	-0.56					0.000808	-0.552	
			0.000809	-0.56					0.000809	-0.56	
			0.00081	-0.544					0.00081	-0.56	
			0.000811	-0.56					0.000811	-0.56	
			0.000812	-0.552					0.000812	-0.56	
			0.000813	-0.552					0.000813	-0.56	
			0.000814	-0.56					0.000814	-0.56	
			0.000815	-0.568					0.000815	-0.56	
			0.000816	-0.56					0.000816	-0.56	
			0.000817	-0.56					0.000817	-0.56	
			0.000818	-0.552					0.000818	-0.56	
			0.000819	-0.544					0.000819	-0.56	
			0.00082	-0.56					0.00082	-0.56	
			0.000821	-0.56					0.000821	-0.56	
			0.000822	-0.552					0.000822	-0.552	
			0.000823	-0.56					0.000823	-0.56	
			0.000824	-0.56					0.000824	-0.56	
			0.000825	-0.544					0.000825	-0.56	
			0.000826	-0.544					0.000826	-0.552	
			0.000827	-0.56					0.000827	-0.56	
			0.000828	-0.56					0.000828	-0.56	
			0.000829	-0.552					0.000829	-0.56	
			0.00083	-0.544					0.00083	-0.552	
			0.000831	-0.544					0.000831	-0.552	
			0.000832	-0.544					0.000832	-0.56	
			0.000833	-0.56					0.000833	-0.552	
			0.000834	-0.56					0.000834	-0.56	
			0.000835	-0.552					0.000835	-0.552	
			0.000836	-0.544					0.000836	-0.56	
			0.000837	-0.544					0.000837	-0.56	
			0.000838	-0.552					0.000838	-0.56	
			0.000839	-0.552					0.000839	-0.56	
			0.00084	-0.544					0.00084	-0.552	
			0.000841	-0.544					0.000841	-0.56	
			0.000842	-0.552					0.000842	-0.56	
			0.000843	-0.552					0.000843	-0.56	
			0.000844	-0.56					0.000844	-0.56	
			0.000845	-0.56					0.000845	-0.56	
			0.000846	-0.552					0.000846	-0.56	
			0.000847	-0.552					0.000847	-0.56	
			0.000848	-0.56					0.000848	-0.56	
			0.000849	-0.56					0.000849	-0.56	
			0.00085	-0.56					0.00085	-0.56	
			0.000851	-0.552					0.000851	-0.56	
			0.000852	-0.552					0.000852	-0.56	
			0.000853	-0.552					0.000853	-0.552	
			0.000854	-0.544					0.000854	-0.56	
			0.000855	-0.552					0.000855	-0.56	
			0.000856	-0.544					0.000856	-0.56	
			0.000857	-0.544					0.000857	-0.56	
			0.000858	-0.552					0.000858	-0.56	
			0.000859	-0.56					0.000859	-0.56	
			0.00086	-0.552					0.00086	-0.56	
			0.000861	-0.56					0.000861	-0.56	
			0.000862	-0.552					0.000862	-0.56	
			0.000863	-0.552					0.000863	-0.56	
			0.000864	-0.544					0.000864	-0.56	
			0.000865	-0.56					0.000865	-0.56	
			0.000866	-0.552					0.000866	-0.552	
			0.000867	-0.552					0.000867	-0.56	
			0.000868	-0.56					0.000868	-0.552	
			0.000869	-0.552					0.000869	-0.552	
			0.00087	-0.544					0.00087	-0.56	
			0.000871	-0.56					0.000871	-0.56	
			0.000872	-0.544					0.000872	-0.56	
			0.000873	-0.552					0.000873	-0.56	
			0.000874	-0.56					0.000874	-0.56	
			0.000875	-0.552					0.000875	-0.552	
			0.000876	-0.56					0.000876	-0.56	
			0.000877	-0.56					0.000877	-0.56	
			0.000878	-0.56					0.000878	-0.56	
			0.000879	-0.56					0.000879	-0.56	
			0.00088	-0.568					0.00088	-0.56	
			0.000881	-0.56					0.000881	-0.56	
			0.000882	-0.56					0.000882	-0.552	
			0.000883	-0.544					0.000883	-0.56	
			0.000884	-0.56					0.000884	-0.56	
			0.000885	-0.552					0.000885	-0.552	
			0.000886	-0.56					0.000886	-0.56	
			0.000887	-0.552					0.000887	-0.552	
			0.000888	-0.544					0.000888	-0.56	
			0.000889	-0.552					0.000889	-0.56	
			0.00089	-0.56					0.00089	-0.56	
			0.000891	-0.552					0.000891	-0.56	
			0.000892	-0.552					0.000892	-0.56	
			0.000893	-0.544					0.000893	-0.552	
			0.000894	-0.552					0.000894	-0.56	
			0.000895	-0.552					0.000895	-0.56	
			0.000896	-0.56					0.000896	-0.56	
			0.000897	-0.552					0.000897	-0.56	
			0.000898	-0.56					0.000898	-0.552	
			0.000899	-0.56					0.000899	-0.56	
			0.0009	-0.544					0.0009	-0.56	
			0.000901	-0.552					0.000901	-0.56	
			0.000902	-0.552					0.000902	-0.552	
			0.000903	-0.552					0.000903	-0.552	
			0.000904	-0.552					0.000904	-0.56	
			0.000905	-0.552					0.000905	-0.56	
			0.000906	-0.56					0.000906	-0.56	
			0.000907	-0.56					0.000907	-0.56	
			0.000908	-0.552					0.000908	-0.552	
			0.000909	-0.552					0.000909	-0.56	
			0.00091	-0.544					0.00091	-0.56	
			0.000911	-0.568					0.000911	-0.56	
			0.000912	-0.56					0.000912	-0.56	
			0.000913	-0.56					0.000913	-0.552	
			0.000914	-0.56					0.000914	-0.552	
			0.000915	-0.552					0.000915	-0.552	
			0.000916	-0.552					0.000916	-0.56	
			0.000917	-0.544					0.000917	-0.552	
			0.000918	-0.552					0.000918	-0.552	
			0.000919	-0.552					0.000919	-0.56	
			0.00092	-0.552					0.00092	-0.552	
			0.000921	-0.552					0.000921	-0.56	
			0.000922	-0.552					0.000922	-0.56	
			0.000923	-0.56					0.000923	-0.56	
			0.000924	-0.56					0.000924	-0.56	
			0.000925	-0.552					0.000925	-0.56	
			0.000926	-0.552					0.000926	-0.56	
			0.000927	-0.552					0.000927	-0.56	
			0.000928	-0.544					0.000928	-0.56	
			0.000929	-0.552					0.000929	-0.56	
			0.00093	-0.552					0.00093	-0.56	
			0.000931	-0.552					0.000931	-0.56	
			0.000932	-0.56					0.000932	-0.56	
			0.000933	-0.56					0.000933	-0.56	
			0.000934	-0.544					0.000934	-0.56	
			0.000935	-0.544					0.000935	-0.56	
			0.000936	-0.552					0.000936	-0.56	
			0.000937	-0.552					0.000937	-0.56	
			0.000938	-0.552					0.000938	-0.552	
			0.000939	-0.56					0.000939	-0.552	
			0.00094	-0.552					0.00094	-0.56	
			0.000941	-0.552					0.000941	-0.56	
			0.000942	-0.56					0.000942	-0.552	
			0.000943	-0.56					0.000943	-0.56	
			0.000944	-0.56					0.000944	-0.56	
			0.000945	-0.552					0.000945	-0.552	
			0.000946	-0.544					0.000946	-0.552	
			0.000947	-0.552					0.000947	-0.56	
			0.000948	-0.56					0.000948	-0.552	
			0.000949	-0.56					0.000949	-0.552	
			0.00095	-0.568					0.00095	-0.552	
			0.000951	-0.56					0.000951	-0.552	
			0.000952	-0.56					0.000952	-0.56	
			0.000953	-0.56					0.000953	-0.56	
			0.000954	-0.552					0.000954	-0.56	
			0.000955	-0.552					0.000955	-0.552	
			0.000956	-0.56					0.000956	-0.56	
			0.000957	-0.56					0.000957	-0.56	
			0.000958	-0.552					0.000958	-0.56	
			0.000959	-0.56					0.000959	-0.56	
			0.00096	-0.552					0.00096	-0.544	
			0.000961	-0.552					0.000961	-0.56	
			0.000962	-0.552					0.000962	-0.56	
			0.000963	-0.544					0.000963	-0.56	
			0.000964	-0.56					0.000964	-0.56	
			0.000965	-0.568					0.000965	-0.552	
			0.000966	-0.56					0.000966	-0.552	
			0.000967	-0.552					0.000967	-0.56	
			0.000968	-0.552					0.000968	-0.56	
			0.000969	-0.56					0.000969	-0.56	
			0.00097	-0.552					0.00097	-0.56	
			0.000971	-0.56					0.000971	-0.56	
			0.000972	-0.552					0.000972	-0.56	
			0.000973	-0.568					0.000973	-0.56	
			0.000974	-0.56					0.000974	-0.56	
			0.000975	-0.544					0.000975	-0.552	
			0.000976	-0.56					0.000976	-0.56	
			0.000977	-0.544					0.000977	-0.56	
			0.000978	-0.552					0.000978	-0.56	
			0.000979	-0.544					0.000979	-0.552	
			0.00098	-0.552					0.00098	-0.56	
			0.000981	-0.56					0.000981	-0.552	
			0.000982	-0.552					0.000982	-0.56	
			0.000983	-0.56					0.000983	-0.552	
			0.000984	-0.56					0.000984	-0.56	
			0.000985	-0.552					0.000985	-0.56	
			0.000986	-0.544					0.000986	-0.56	
			0.000987	-0.552					0.000987	-0.56	
			0.000988	-0.56					0.000988	-0.56	
			0.000989	-0.56					0.000989	-0.56	
			0.00099	-0.56					0.00099	-0.56	
			0.000991	-0.56					0.000991	-0.56	
			0.000992	-0.544					0.000992	-0.56	
			0.000993	-0.544					0.000993	-0.56	
			0.000994	-0.56					0.000994	-0.56	
			0.000995	-0.56					0.000995	-0.56	
			0.000996	-0.56					0.000996	-0.56	
			0.000997	-0.56					0.000997	-0.56	
			0.000998	-0.56					0.000998	-0.56	
			0.000999	-0.544					0.000999	-0.552	
			0.001	-0.528					0.001	0.56	
			0.001001	0.12					0.001001	0.56	
			0.001002	0.56					0.001002	0.552	
			0.001003	0.56					0.001003	0.552	
			0.001004	0.568					0.001004	0.552	
			0.001005	0.56					0.001005	0.552	
			0.001006	0.56					0.001006	0.56	
			0.001007	0.56					0.001007	0.56	
			0.001008	0.568					0.001008	0.56	
			0.001009	0.576					0.001009	0.552	
			0.00101	0.56					0.00101	0.552	
			0.001011	0.568					0.001011	0.56	
			0.001012	0.568					0.001012	0.56	
			0.001013	0.56					0.001013	0.552	
			0.001014	0.56					0.001014	0.56	
			0.001015	0.56					0.001015	0.56	
			0.001016	0.56					0.001016	0.56	
			0.001017	0.568					0.001017	0.56	
			0.001018	0.56					0.001018	0.56	
			0.001019	0.56					0.001019	0.552	
			0.00102	0.552					0.00102	0.56	
			0.001021	0.56					0.001021	0.56	
			0.001022	0.56					0.001022	0.56	
			0.001023	0.568					0.001023	0.56	
			0.001024	0.568					0.001024	0.56	
			0.001025	0.568					0.001025	0.56	
			0.001026	0.568					0.001026	0.56	
			0.001027	0.56					0.001027	0.56	
			0.001028	0.56					0.001028	0.56	
			0.001029	0.568					0.001029	0.56	
			0.00103	0.568					0.00103	0.56	
			0.001031	0.568					0.001031	0.56	
			0.001032	0.568					0.001032	0.56	
			0.001033	0.576					0.001033	0.56	
			0.001034	0.568					0.001034	0.56	
			0.001035	0.56					0.001035	0.56	
			0.001036	0.568					0.001036	0.56	
			0.001037	0.56					0.001037	0.56	
			0.001038	0.576					0.001038	0.56	
			0.001039	0.568					0.001039	0.56	
			0.00104	0.56					0.00104	0.56	
			0.001041	0.568					0.001041	0.56	
			0.001042	0.56					0.001042	0.56	
			0.001043	0.56					0.001043	0.56	
			0.001044	0.568					0.001044	0.56	
			0.001045	0.568					0.001045	0.56	
			0.001046	0.552					0.001046	0.56	
			0.001047	0.552					0.001047	0.56	
			0.001048	0.56					0.001048	0.56	
			0.001049	0.56					0.001049	0.56	
			0.00105	0.568					0.00105	0.56	
			0.001051	0.568					0.001051	0.56	
			0.001052	0.552					0.001052	0.56	
			0.001053	0.56					0.001053	0.56	
			0.001054	0.56					0.001054	0.56	
			0.001055	0.56					0.001055	0.552	
			0.001056	0.56					0.001056	0.56	
			0.001057	0.568					0.001057	0.56	
			0.001058	0.568					0.001058	0.56	
			0.001059	0.56					0.001059	0.56	
			0.00106	0.568					0.00106	0.56	
			0.001061	0.568					0.001061	0.56	
			0.001062	0.568					0.001062	0.56	
			0.001063	0.584					0.001063	0.552	
			0.001064	0.568					0.001064	0.56	
			0.001065	0.568					0.001065	0.552	
			0.001066	0.576					0.001066	0.56	
			0.001067	0.576					0.001067	0.56	
			0.001068	0.568					0.001068	0.552	
			0.001069	0.568					0.001069	0.552	
			0.00107	0.568					0.00107	0.56	
			0.001071	0.568					0.001071	0.56	
			0.001072	0.568					0.001072	0.56	
			0.001073	0.56					0.001073	0.56	
			0.001074	0.568					0.001074	0.56	
			0.001075	0.576					0.001075	0.56	
			0.001076	0.568					0.001076	0.552	
			0.001077	0.568					0.001077	0.56	
			0.001078	0.56					0.001078	0.56	
			0.001079	0.576					0.001079	0.56	
			0.00108	0.56					0.00108	0.552	
			0.001081	0.56					0.001081	0.56	
			0.001082	0.56					0.001082	0.56	
			0.001083	0.56					0.001083	0.56	
			0.001084	0.568					0.001084	0.56	
			0.001085	0.56					0.001085	0.56	
			0.001086	0.552					0.001086	0.56	
			0.001087	0.56					0.001087	0.552	
			0.001088	0.56					0.001088	0.56	
			0.001089	0.552					0.001089	0.56	
			0.00109	0.56					0.00109	0.56	
			0.001091	0.552					0.001091	0.56	
			0.001092	0.56					0.001092	0.552	
			0.001093	0.568					0.001093	0.56	
			0.001094	0.568					0.001094	0.552	
			0.001095	0.568					0.001095	0.56	
			0.001096	0.568					0.001096	0.552	
			0.001097	0.568					0.001097	0.56	
			0.001098	0.568					0.001098	0.552	
			0.001099	0.568					0.001099	0.56	
			0.0011	0.568					0.0011	0.56	
			0.001101	0.576					0.001101	0.56	
			0.001102	0.568					0.001102	0.552	
			0.001103	0.576					0.001103	0.552	
			0.001104	0.568					0.001104	0.56	
			0.001105	0.568					0.001105	0.56	
			0.001106	0.576					0.001106	0.56	
			0.001107	0.568					0.001107	0.56	
			0.001108	0.568					0.001108	0.552	
			0.001109	0.56					0.001109	0.56	
			0.00111	0.568					0.00111	0.56	
			0.001111	0.568					0.001111	0.552	
			0.001112	0.56					0.001112	0.56	
			0.001113	0.56					0.001113	0.56	
			0.001114	0.56					0.001114	0.56	
			0.001115	0.568					0.001115	0.552	
			0.001116	0.568					0.001116	0.56	
			0.001117	0.56					0.001117	0.552	
			0.001118	0.568					0.001118	0.56	
			0.001119	0.552					0.001119	0.56	
			0.00112	0.552					0.00112	0.56	
			0.001121	0.568					0.001121	0.56	
			0.001122	0.56					0.001122	0.56	
			0.001123	0.568					0.001123	0.544	
			0.001124	0.568					0.001124	0.56	
			0.001125	0.552					0.001125	0.56	
			0.001126	0.56					0.001126	0.552	
			0.001127	0.568					0.001127	0.552	
			0.001128	0.56					0.001128	0.56	
			0.001129	0.568					0.001129	0.56	
			0.00113	0.552					0.00113	0.56	
			0.001131	0.56					0.001131	0.56	
			0.001132	0.568					0.001132	0.552	
			0.001133	0.568					0.001133	0.56	
			0.001134	0.56					0.001134	0.56	
			0.001135	0.576					0.001135	0.552	
			0.001136	0.568					0.001136	0.56	
			0.001137	0.568					0.001137	0.56	
			0.001138	0.56					0.001138	0.56	
			0.001139	0.56					0.001139	0.56	
			0.00114	0.568					0.00114	0.56	
			0.001141	0.568					0.001141	0.56	
			0.001142	0.568					0.001142	0.56	
			0.001143	0.552					0.001143	0.56	
			0.001144	0.56					0.001144	0.56	
			0.001145	0.568					0.001145	0.56	
			0.001146	0.568					0.001146	0.56	
			0.001147	0.56					0.001147	0.552	
			0.001148	0.576					0.001148	0.56	
			0.001149	0.568					0.001149	0.56	
			0.00115	0.568					0.00115	0.56	
			0.001151	0.56					0.001151	0.56	
			0.001152	0.568					0.001152	0.56	
			0.001153	0.568					0.001153	0.56	
			0.001154	0.568					0.001154	0.552	
			0.001155	0.56					0.001155	0.56	
			0.001156	0.568					0.001156	0.552	
			0.001157	0.568					0.001157	0.56	
			0.001158	0.56					0.001158	0.56	
			0.001159	0.568					0.001159	0.56	
			0.00116	0.56					0.00116	0.56	
			0.001161	0.56					0.001161	0.552	
			0.001162	0.56					0.001162	0.56	
			0.001163	0.568					0.001163	0.56	
			0.001164	0.568					0.001164	0.56	
			0.001165	0.56					0.001165	0.552	
			0.001166	0.576					0.001166	0.56	
			0.001167	0.576					0.001167	0.56	
			0.001168	0.568					0.001168	0.552	
			0.001169	0.576					0.001169	0.56	
			0.00117	0.56					0.00117	0.56	
			0.001171	0.568					0.001171	0.56	
			0.001172	0.568					0.001172	0.552	
			0.001173	0.568					0.001173	0.56	
			0.001174	0.576					0.001174	0.56	
			0.001175	0.568					0.001175	0.56	
			0.001176	0.552					0.001176	0.56	
			0.001177	0.568					0.001177	0.56	
			0.001178	0.568					0.001178	0.56	
			0.001179	0.568					0.001179	0.56	
			0.00118	0.568					0.00118	0.56	
			0.001181	0.568					0.001181	0.56	
			0.001182	0.576					0.001182	0.56	
			0.001183	0.552					0.001183	0.56	
			0.001184	0.568					0.001184	0.56	
			0.001185	0.568					0.001185	0.56	
			0.001186	0.568					0.001186	0.56	
			0.001187	0.568					0.001187	0.56	
			0.001188	0.56					0.001188	0.56	
			0.001189	0.56					0.001189	0.56	
			0.00119	0.56					0.00119	0.552	
			0.001191	0.568					0.001191	0.56	
			0.001192	0.56					0.001192	0.56	
			0.001193	0.568					0.001193	0.56	
			0.001194	0.56					0.001194	0.552	
			0.001195	0.568					0.001195	0.56	
			0.001196	0.568					0.001196	0.56	
			0.001197	0.568					0.001197	0.56	
			0.001198	0.568					0.001198	0.56	
			0.001199	0.576					0.001199	0.56	
			0.0012	0.568					0.0012	0.56	
			0.001201	0.568					0.001201	0.56	
			0.001202	0.56					0.001202	0.56	
			0.001203	0.568					0.001203	0.56	
			0.001204	0.568					0.001204	0.56	
			0.001205	0.576					0.001205	0.56	
			0.001206	0.568					0.001206	0.56	
			0.001207	0.568					0.001207	0.56	
			0.001208	0.568					0.001208	0.56	
			0.001209	0.56					0.001209	0.56	
			0.00121	0.568					0.00121	0.56	
			0.001211	0.568					0.001211	0.56	
			0.001212	0.568					0.001212	0.56	
			0.001213	0.568					0.001213	0.552	
			0.001214	0.568					0.001214	0.552	
			0.001215	0.576					0.001215	0.56	
			0.001216	0.552					0.001216	0.56	
			0.001217	0.56					0.001217	0.56	
			0.001218	0.56					0.001218	0.56	
			0.001219	0.56					0.001219	0.56	
			0.00122	0.568					0.00122	0.56	
			0.001221	0.568					0.001221	0.56	
			0.001222	0.576					0.001222	0.56	
			0.001223	0.576					0.001223	0.56	
			0.001224	0.568					0.001224	0.56	
			0.001225	0.568					0.001225	0.552	
			0.001226	0.568					0.001226	0.552	
			0.001227	0.568					0.001227	0.56	
			0.001228	0.576					0.001228	0.56	
			0.001229	0.576					0.001229	0.56	
			0.00123	0.568					0.00123	0.56	
			0.001231	0.568					0.001231	0.552	
			0.001232	0.568					0.001232	0.552	
			0.001233	0.568					0.001233	0.552	
			0.001234	0.552					0.001234	0.56	
			0.001235	0.568					0.001235	0.56	
			0.001236	0.568					0.001236	0.552	
			0.001237	0.568					0.001237	0.56	
			0.001238	0.568					0.001238	0.552	
			0.001239	0.56					0.001239	0.56	
			0.00124	0.56					0.00124	0.56	
			0.001241	0.56					0.001241	0.552	
			0.001242	0.56					0.001242	0.56	
			0.001243	0.56					0.001243	0.56	
			0.001244	0.568					0.001244	0.56	
			0.001245	0.568					0.001245	0.552	
			0.001246	0.576					0.001246	0.56	
			0.001247	0.568					0.001247	0.56	
			0.001248	0.568					0.001248	0.56	
			0.001249	0.568					0.001249	0.56	
