3.850000000000000089e+00
3.990000000000000213e+00
4.110000000000000320e+00
4.230000000000000426e+00
4.339999999999999858e+00
4.440000000000000391e+00
4.530000000000000249e+00
4.610000000000000320e+00
4.679999999999999716e+00
4.759999999999999787e+00
4.809999999999999609e+00
4.849999999999999645e+00
4.889999999999999680e+00
4.910000000000000142e+00
4.929999999999999716e+00
4.929999999999999716e+00
4.919999999999999929e+00
4.900000000000000355e+00
4.870000000000000107e+00
4.830000000000000071e+00
4.780000000000000249e+00
4.719999999999999751e+00
4.660000000000000142e+00
4.570000000000000284e+00
4.490000000000000213e+00
4.389999999999999680e+00
4.290000000000000036e+00
4.169999999999999929e+00
4.049999999999999822e+00
3.919999999999999929e+00
3.790000000000000036e+00
3.660000000000000142e+00
3.509999999999999787e+00
3.359999999999999876e+00
3.209999999999999964e+00
3.049999999999999822e+00
2.890000000000000124e+00
2.729999999999999982e+00
2.569999999999999840e+00
2.399999999999999911e+00
2.240000000000000213e+00
2.080000000000000071e+00
1.919999999999999929e+00
1.760000000000000009e+00
1.610000000000000098e+00
1.459999999999999964e+00
1.300000000000000044e+00
1.169999999999999929e+00
1.030000000000000027e+00
9.000000000000000222e-01
7.800000000000000266e-01
6.600000000000000311e-01
5.500000000000000444e-01
4.500000000000000111e-01
3.599999999999999867e-01
2.800000000000000266e-01
2.099999999999999922e-01
1.400000000000000133e-01
8.999999999999999667e-02
4.000000000000000083e-02
1.000000000000000021e-02
0.000000000000000000e+00
0.000000000000000000e+00
0.000000000000000000e+00
0.000000000000000000e+00
0.000000000000000000e+00
2.999999999999999889e-02
7.000000000000000666e-02
1.199999999999999956e-01
1.900000000000000022e-01
2.500000000000000000e-01
3.300000000000000155e-01
4.299999999999999933e-01
5.300000000000000266e-01
6.300000000000000044e-01
7.299999999999999822e-01
8.599999999999999867e-01
9.899999999999999911e-01
1.120000000000000107e+00
1.260000000000000009e+00
1.409999999999999920e+00
1.550000000000000044e+00
1.709999999999999964e+00
1.870000000000000107e+00
2.029999999999999805e+00
2.189999999999999947e+00
2.350000000000000089e+00
2.520000000000000018e+00
2.680000000000000160e+00
2.839999999999999858e+00
3.000000000000000000e+00
3.149999999999999911e+00
3.310000000000000053e+00
3.459999999999999964e+00
3.600000000000000089e+00
3.740000000000000213e+00
3.879999999999999893e+00
4.009999999999999787e+00
4.129999999999999893e+00
4.250000000000000000e+00
