1.800000000000000044e+00
1.830000000000000071e+00
1.840000000000000080e+00
1.870000000000000107e+00
1.889999999999999902e+00
1.909999999999999920e+00
1.939999999999999947e+00
1.959999999999999964e+00
1.969999999999999973e+00
2.000000000000000000e+00
2.020000000000000018e+00
2.049999999999999822e+00
2.069999999999999840e+00
2.089999999999999858e+00
2.129999999999999893e+00
2.220000000000000195e+00
2.330000000000000071e+00
2.419999999999999929e+00
2.520000000000000018e+00
2.620000000000000107e+00
2.709999999999999964e+00
2.810000000000000053e+00
2.899999999999999911e+00
3.000000000000000000e+00
3.089999999999999858e+00
3.189999999999999947e+00
3.279999999999999805e+00
3.370000000000000107e+00
3.459999999999999964e+00
3.549999999999999822e+00
3.640000000000000124e+00
3.720000000000000195e+00
3.799999999999999822e+00
3.879999999999999893e+00
3.959999999999999964e+00
4.040000000000000036e+00
4.110000000000000320e+00
4.179999999999999716e+00
4.250000000000000000e+00
4.320000000000000284e+00
4.370000000000000107e+00
4.429999999999999716e+00
4.490000000000000213e+00
4.549999999999999822e+00
4.599999999999999645e+00
4.639999999999999680e+00
4.690000000000000391e+00
4.730000000000000426e+00
4.769999999999999574e+00
4.790000000000000036e+00
4.830000000000000071e+00
4.849999999999999645e+00
4.870000000000000107e+00
4.889999999999999680e+00
4.910000000000000142e+00
4.919999999999999929e+00
4.929999999999999716e+00
4.929999999999999716e+00
4.929999999999999716e+00
4.919999999999999929e+00
4.919999999999999929e+00
4.900000000000000355e+00
4.889999999999999680e+00
4.870000000000000107e+00
4.839999999999999858e+00
4.820000000000000284e+00
4.790000000000000036e+00
4.759999999999999787e+00
4.719999999999999751e+00
4.669999999999999929e+00
4.629999999999999893e+00
4.580000000000000071e+00
4.530000000000000249e+00
4.480000000000000426e+00
4.419999999999999929e+00
4.349999999999999645e+00
4.299999999999999822e+00
4.230000000000000426e+00
4.150000000000000355e+00
4.089999999999999858e+00
4.019999999999999574e+00
3.930000000000000160e+00
3.859999999999999876e+00
3.770000000000000018e+00
3.700000000000000178e+00
3.609999999999999876e+00
3.520000000000000018e+00
3.430000000000000160e+00
3.339999999999999858e+00
3.250000000000000000e+00
3.160000000000000142e+00
3.060000000000000053e+00
2.970000000000000195e+00
2.870000000000000107e+00
2.779999999999999805e+00
2.680000000000000160e+00
2.589999999999999858e+00
2.479999999999999982e+00
2.390000000000000124e+00
2.290000000000000036e+00
