4.929999999999999716e+00
4.509999999999999787e+00
3.290000000000000036e+00
1.750000000000000000e+00
4.799999999999999822e-01
0.000000000000000000e+00
4.299999999999999933e-01
1.659999999999999920e+00
3.200000000000000178e+00
4.459999999999999964e+00
4.940000000000000391e+00
4.450000000000000178e+00
3.200000000000000178e+00
1.649999999999999911e+00
4.199999999999999845e-01
0.000000000000000000e+00
4.799999999999999822e-01
1.750000000000000000e+00
3.290000000000000036e+00
4.500000000000000000e+00
4.929999999999999716e+00
4.389999999999999680e+00
3.109999999999999876e+00
1.570000000000000062e+00
3.699999999999999956e-01
0.000000000000000000e+00
5.400000000000000355e-01
1.830000000000000071e+00
3.370000000000000107e+00
4.559999999999999609e+00
4.919999999999999929e+00
4.330000000000000071e+00
3.020000000000000018e+00
1.479999999999999982e+00
3.200000000000000067e-01
0.000000000000000000e+00
5.999999999999999778e-01
1.929999999999999938e+00
3.459999999999999964e+00
4.599999999999999645e+00
4.910000000000000142e+00
4.269999999999999574e+00
2.930000000000000160e+00
1.399999999999999911e+00
2.800000000000000266e-01
0.000000000000000000e+00
6.500000000000000222e-01
2.020000000000000018e+00
3.540000000000000036e+00
4.639999999999999680e+00
4.900000000000000355e+00
4.209999999999999964e+00
2.839999999999999858e+00
1.310000000000000053e+00
2.300000000000000100e-01
0.000000000000000000e+00
7.199999999999999734e-01
2.109999999999999876e+00
3.620000000000000107e+00
4.679999999999999716e+00
4.879999999999999893e+00
4.139999999999999680e+00
2.750000000000000000e+00
1.229999999999999982e+00
2.000000000000000111e-01
2.000000000000000042e-02
8.000000000000000444e-01
2.200000000000000178e+00
3.700000000000000178e+00
4.730000000000000426e+00
4.860000000000000320e+00
4.070000000000000284e+00
2.660000000000000142e+00
1.149999999999999911e+00
1.600000000000000033e-01
4.000000000000000083e-02
8.599999999999999867e-01
2.290000000000000036e+00
3.779999999999999805e+00
4.759999999999999787e+00
4.839999999999999858e+00
4.000000000000000000e+00
2.569999999999999840e+00
1.080000000000000071e+00
1.199999999999999956e-01
7.000000000000000666e-02
9.399999999999999467e-01
2.390000000000000124e+00
3.859999999999999876e+00
4.790000000000000036e+00
4.820000000000000284e+00
3.930000000000000160e+00
2.470000000000000195e+00
1.000000000000000000e+00
8.999999999999999667e-02
1.000000000000000056e-01
1.010000000000000009e+00
2.479999999999999982e+00
3.930000000000000160e+00
4.820000000000000284e+00
