2.660000000000000142e+00
1.290000000000000036e+00
4.379999999999999893e+00
5.999999999999999778e-02
4.900000000000000355e+00
3.400000000000000244e-01
3.910000000000000142e+00
1.909999999999999920e+00
2.000000000000000000e+00
3.830000000000000071e+00
3.800000000000000044e-01
4.889999999999999680e+00
4.780000000000000249e+00
7.000000000000000666e-02
4.860000000000000320e+00
1.000000000000000021e-02
4.910000000000000142e+00
0.000000000000000000e+00
4.929999999999999716e+00
0.000000000000000000e+00
4.910000000000000142e+00
1.000000000000000021e-02
4.860000000000000320e+00
8.000000000000000167e-02
4.780000000000000249e+00
1.799999999999999933e-01
4.660000000000000142e+00
3.099999999999999978e-01
4.519999999999999574e+00
4.699999999999999734e-01
4.349999999999999645e+00
6.500000000000000222e-01
4.150000000000000355e+00
8.599999999999999867e-01
3.930000000000000160e+00
1.090000000000000080e+00
3.700000000000000178e+00
1.330000000000000071e+00
3.450000000000000178e+00
1.590000000000000080e+00
3.180000000000000160e+00
1.870000000000000107e+00
2.899999999999999911e+00
2.149999999999999911e+00
2.609999999999999876e+00
2.439999999999999947e+00
2.319999999999999840e+00
2.729999999999999982e+00
2.040000000000000036e+00
3.009999999999999787e+00
1.760000000000000009e+00
3.279999999999999805e+00
1.489999999999999991e+00
3.549999999999999822e+00
1.229999999999999982e+00
3.799999999999999822e+00
9.899999999999999911e-01
4.030000000000000249e+00
7.700000000000000178e-01
4.240000000000000213e+00
5.699999999999999512e-01
4.419999999999999929e+00
4.000000000000000222e-01
4.580000000000000071e+00
2.500000000000000000e-01
4.709999999999999964e+00
1.400000000000000133e-01
4.809999999999999609e+00
5.000000000000000278e-02
4.889999999999999680e+00
0.000000000000000000e+00
4.919999999999999929e+00
0.000000000000000000e+00
4.919999999999999929e+00
0.000000000000000000e+00
4.889999999999999680e+00
4.000000000000000083e-02
4.830000000000000071e+00
1.100000000000000006e-01
4.740000000000000213e+00
2.300000000000000100e-01
4.610000000000000320e+00
3.699999999999999956e-01
4.459999999999999964e+00
5.400000000000000355e-01
4.280000000000000249e+00
7.299999999999999822e-01
4.070000000000000284e+00
9.399999999999999467e-01
3.839999999999999858e+00
1.179999999999999938e+00
3.600000000000000089e+00
1.439999999999999947e+00
3.350000000000000089e+00
1.709999999999999964e+00
3.060000000000000053e+00
1.989999999999999991e+00
2.779999999999999805e+00
2.259999999999999787e+00
2.490000000000000213e+00
