3.509999999999999787e+00
4.440000000000000391e+00
4.419999999999999929e+00
4.889999999999999680e+00
4.389999999999999680e+00
4.370000000000000107e+00
4.349999999999999645e+00
4.339999999999999858e+00
4.330000000000000071e+00
4.309999999999999609e+00
4.299999999999999822e+00
3.250000000000000000e+00
3.220000000000000195e+00
3.209999999999999964e+00
4.219999999999999751e+00
4.830000000000000071e+00
4.820000000000000284e+00
4.809999999999999609e+00
4.799999999999999822e+00
4.139999999999999680e+00
4.120000000000000107e+00
4.099999999999999645e+00
2.990000000000000213e+00
2.959999999999999964e+00
2.939999999999999947e+00
2.910000000000000142e+00
2.879999999999999893e+00
1.629999999999999893e+00
2.830000000000000071e+00
3.939999999999999947e+00
4.690000000000000391e+00
4.679999999999999716e+00
4.669999999999999929e+00
4.660000000000000142e+00
4.650000000000000355e+00
4.629999999999999893e+00
4.620000000000000107e+00
4.610000000000000320e+00
4.589999999999999858e+00
3.720000000000000195e+00
3.700000000000000178e+00
3.680000000000000160e+00
4.549999999999999822e+00
4.919999999999999929e+00
4.700000000000000178e+00
4.709999999999999964e+00
4.719999999999999751e+00
4.730000000000000426e+00
4.750000000000000000e+00
4.750000000000000000e+00
4.759999999999999787e+00
4.769999999999999574e+00
4.780000000000000249e+00
4.780000000000000249e+00
4.790000000000000036e+00
4.799999999999999822e+00
4.809999999999999609e+00
4.179999999999999716e+00
4.190000000000000391e+00
4.209999999999999964e+00
3.189999999999999947e+00
3.209999999999999964e+00
3.229999999999999982e+00
3.259999999999999787e+00
3.279999999999999805e+00
3.299999999999999822e+00
4.339999999999999858e+00
4.349999999999999645e+00
4.370000000000000107e+00
4.379999999999999893e+00
4.400000000000000355e+00
4.410000000000000142e+00
3.470000000000000195e+00
2.279999999999999805e+00
2.299999999999999822e+00
3.529999999999999805e+00
3.560000000000000053e+00
3.580000000000000071e+00
3.600000000000000089e+00
4.530000000000000249e+00
4.540000000000000036e+00
4.549999999999999822e+00
4.559999999999999609e+00
4.570000000000000284e+00
4.580000000000000071e+00
4.589999999999999858e+00
4.599999999999999645e+00
4.620000000000000107e+00
3.799999999999999822e+00
3.819999999999999840e+00
3.839999999999999858e+00
3.859999999999999876e+00
3.879999999999999893e+00
3.899999999999999911e+00
4.690000000000000391e+00
4.910000000000000142e+00
4.919999999999999929e+00
4.900000000000000355e+00
4.480000000000000426e+00
4.450000000000000178e+00
