0.000000000000000000e+00
1.379999999999999893e+00
3.390000000000000124e+00
4.780000000000000249e+00
4.690000000000000391e+00
3.189999999999999947e+00
1.189999999999999947e+00
0.000000000000000000e+00
1.290000000000000036e+00
3.290000000000000036e+00
4.740000000000000213e+00
4.679999999999999716e+00
3.160000000000000142e+00
1.159999999999999920e+00
0.000000000000000000e+00
1.310000000000000053e+00
3.319999999999999840e+00
4.750000000000000000e+00
4.730000000000000426e+00
3.390000000000000124e+00
1.510000000000000009e+00
1.700000000000000122e-01
2.700000000000000178e-01
1.979999999999999982e+00
3.930000000000000160e+00
4.910000000000000142e+00
4.269999999999999574e+00
2.430000000000000160e+00
5.999999999999999778e-01
2.999999999999999889e-02
1.479999999999999982e+00
3.490000000000000213e+00
4.769999999999999574e+00
4.709999999999999964e+00
3.350000000000000089e+00
1.469999999999999973e+00
1.100000000000000006e-01
3.599999999999999867e-01
2.169999999999999929e+00
4.080000000000000071e+00
4.919999999999999929e+00
4.040000000000000036e+00
1.969999999999999973e+00
3.300000000000000155e-01
1.300000000000000044e-01
1.659999999999999920e+00
3.660000000000000142e+00
4.860000000000000320e+00
4.559999999999999609e+00
2.910000000000000142e+00
1.070000000000000062e+00
0.000000000000000000e+00
1.300000000000000044e+00
3.430000000000000160e+00
4.780000000000000249e+00
4.610000000000000320e+00
3.020000000000000018e+00
9.300000000000000488e-01
0.000000000000000000e+00
1.570000000000000062e+00
3.569999999999999840e+00
4.839999999999999858e+00
4.540000000000000036e+00
2.990000000000000213e+00
1.129999999999999893e+00
1.000000000000000021e-02
5.799999999999999600e-01
2.540000000000000036e+00
4.339999999999999858e+00
4.900000000000000355e+00
3.729999999999999982e+00
1.739999999999999991e+00
2.200000000000000011e-01
2.200000000000000011e-01
1.879999999999999893e+00
3.859999999999999876e+00
4.900000000000000355e+00
4.339999999999999858e+00
2.669999999999999929e+00
8.699999999999999956e-01
0.000000000000000000e+00
1.510000000000000009e+00
3.390000000000000124e+00
4.780000000000000249e+00
4.629999999999999893e+00
3.049999999999999822e+00
9.599999999999999645e-01
0.000000000000000000e+00
1.540000000000000036e+00
3.549999999999999822e+00
4.830000000000000071e+00
4.549999999999999822e+00
2.890000000000000124e+00
9.399999999999999467e-01
0.000000000000000000e+00
1.320000000000000062e+00
3.189999999999999947e+00
4.629999999999999893e+00
4.780000000000000249e+00
3.390000000000000124e+00
