2.189999999999999947e+00
2.100000000000000089e+00
2.000000000000000000e+00
1.909999999999999920e+00
1.800000000000000044e+00
1.719999999999999973e+00
1.620000000000000107e+00
1.520000000000000018e+00
1.439999999999999947e+00
1.350000000000000089e+00
1.270000000000000018e+00
1.179999999999999938e+00
4.929999999999999716e+00
4.849999999999999645e+00
4.559999999999999609e+00
4.059999999999999609e+00
3.419999999999999929e+00
2.680000000000000160e+00
1.929999999999999938e+00
1.219999999999999973e+00
6.300000000000000044e-01
2.099999999999999922e-01
0.000000000000000000e+00
2.000000000000000042e-02
2.700000000000000178e-01
7.299999999999999822e-01
1.340000000000000080e+00
2.069999999999999840e+00
2.830000000000000071e+00
3.549999999999999822e+00
4.160000000000000142e+00
4.629999999999999893e+00
4.879999999999999893e+00
4.910000000000000142e+00
4.700000000000000178e+00
4.290000000000000036e+00
3.700000000000000178e+00
3.000000000000000000e+00
2.240000000000000213e+00
1.510000000000000009e+00
8.599999999999999867e-01
3.599999999999999867e-01
5.999999999999999778e-02
0.000000000000000000e+00
1.400000000000000133e-01
5.100000000000000089e-01
1.070000000000000062e+00
1.750000000000000000e+00
2.500000000000000000e+00
3.250000000000000000e+00
3.930000000000000160e+00
4.459999999999999964e+00
4.799999999999999822e+00
4.929999999999999716e+00
4.820000000000000284e+00
4.480000000000000426e+00
3.970000000000000195e+00
3.299999999999999822e+00
2.560000000000000053e+00
1.800000000000000044e+00
1.110000000000000098e+00
5.400000000000000355e-01
1.600000000000000033e-01
0.000000000000000000e+00
4.000000000000000083e-02
3.300000000000000155e-01
8.100000000000000533e-01
1.449999999999999956e+00
2.180000000000000160e+00
2.939999999999999947e+00
3.660000000000000142e+00
4.250000000000000000e+00
4.679999999999999716e+00
4.900000000000000355e+00
4.889999999999999680e+00
4.650000000000000355e+00
4.209999999999999964e+00
3.600000000000000089e+00
2.879999999999999893e+00
2.120000000000000107e+00
1.389999999999999902e+00
7.600000000000000089e-01
2.899999999999999800e-01
2.999999999999999889e-02
0.000000000000000000e+00
1.900000000000000022e-01
5.899999999999999689e-01
1.169999999999999929e+00
1.870000000000000107e+00
2.629999999999999893e+00
3.359999999999999876e+00
4.019999999999999574e+00
4.530000000000000249e+00
4.830000000000000071e+00
4.919999999999999929e+00
4.780000000000000249e+00
4.419999999999999929e+00
3.870000000000000107e+00
3.189999999999999947e+00
2.439999999999999947e+00
