4.349999999999999645e+00
4.929999999999999716e+00
5.999999999999999778e-01
3.069999999999999840e+00
3.399999999999999911e+00
3.200000000000000067e-01
4.910000000000000142e+00
8.699999999999999956e-01
2.580000000000000071e+00
3.950000000000000178e+00
2.999999999999999889e-02
4.759999999999999787e+00
1.399999999999999911e+00
1.810000000000000053e+00
4.480000000000000426e+00
0.000000000000000000e+00
4.730000000000000426e+00
1.350000000000000089e+00
1.729999999999999982e+00
4.599999999999999645e+00
0.000000000000000000e+00
4.690000000000000391e+00
1.429999999999999938e+00
1.780000000000000027e+00
4.509999999999999787e+00
1.000000000000000021e-02
4.250000000000000000e+00
2.169999999999999929e+00
1.070000000000000062e+00
4.790000000000000036e+00
1.499999999999999944e-01
3.759999999999999787e+00
2.819999999999999840e+00
5.899999999999999689e-01
4.919999999999999929e+00
5.300000000000000266e-01
2.910000000000000142e+00
3.680000000000000160e+00
1.300000000000000044e-01
4.820000000000000284e+00
1.110000000000000098e+00
2.140000000000000124e+00
4.370000000000000107e+00
0.000000000000000000e+00
4.790000000000000036e+00
1.179999999999999938e+00
2.189999999999999947e+00
4.240000000000000213e+00
0.000000000000000000e+00
4.849999999999999645e+00
1.020000000000000018e+00
2.379999999999999893e+00
4.110000000000000320e+00
0.000000000000000000e+00
4.860000000000000320e+00
9.799999999999999822e-01
2.430000000000000160e+00
4.070000000000000284e+00
2.999999999999999889e-02
4.700000000000000178e+00
1.290000000000000036e+00
1.929999999999999938e+00
4.410000000000000142e+00
0.000000000000000000e+00
4.769999999999999574e+00
1.239999999999999991e+00
2.129999999999999893e+00
4.290000000000000036e+00
0.000000000000000000e+00
4.830000000000000071e+00
1.080000000000000071e+00
2.169999999999999929e+00
4.250000000000000000e+00
0.000000000000000000e+00
4.839999999999999858e+00
1.030000000000000027e+00
2.229999999999999982e+00
4.309999999999999609e+00
0.000000000000000000e+00
4.820000000000000284e+00
1.100000000000000089e+00
2.279999999999999805e+00
4.179999999999999716e+00
0.000000000000000000e+00
4.830000000000000071e+00
1.050000000000000044e+00
2.479999999999999982e+00
4.030000000000000249e+00
1.000000000000000021e-02
4.660000000000000142e+00
1.500000000000000000e+00
1.709999999999999964e+00
4.549999999999999822e+00
0.000000000000000000e+00
4.610000000000000320e+00
1.709999999999999964e+00
1.500000000000000000e+00
4.660000000000000142e+00
4.000000000000000083e-02
4.139999999999999680e+00
