5.400000000000000355e-01
4.919999999999999929e+00
8.699999999999999956e-01
2.370000000000000107e+00
4.339999999999999858e+00
0.000000000000000000e+00
4.879999999999999893e+00
9.599999999999999645e-01
2.259999999999999787e+00
4.410000000000000142e+00
8.000000000000000167e-02
3.729999999999999982e+00
3.430000000000000160e+00
4.000000000000000083e-02
4.730000000000000426e+00
1.639999999999999902e+00
1.250000000000000000e+00
4.860000000000000320e+00
4.299999999999999933e-01
3.020000000000000018e+00
3.629999999999999893e+00
4.000000000000000083e-02
4.750000000000000000e+00
1.860000000000000098e+00
1.060000000000000053e+00
4.900000000000000355e+00
5.699999999999999512e-01
2.509999999999999787e+00
4.250000000000000000e+00
0.000000000000000000e+00
4.900000000000000355e+00
8.499999999999999778e-01
2.390000000000000124e+00
4.330000000000000071e+00
0.000000000000000000e+00
4.879999999999999893e+00
1.159999999999999920e+00
2.009999999999999787e+00
4.389999999999999680e+00
1.000000000000000021e-02
3.990000000000000213e+00
3.129999999999999893e+00
1.199999999999999956e-01
4.620000000000000107e+00
1.879999999999999893e+00
1.040000000000000036e+00
4.780000000000000249e+00
2.700000000000000178e-01
3.310000000000000053e+00
3.609999999999999876e+00
5.000000000000000278e-02
4.750000000000000000e+00
1.570000000000000062e+00
1.320000000000000062e+00
4.900000000000000355e+00
5.500000000000000444e-01
2.540000000000000036e+00
4.230000000000000426e+00
0.000000000000000000e+00
4.900000000000000355e+00
8.299999999999999600e-01
2.430000000000000160e+00
4.309999999999999609e+00
0.000000000000000000e+00
4.889999999999999680e+00
9.100000000000000311e-01
2.319999999999999840e+00
4.379999999999999893e+00
1.000000000000000021e-02
4.219999999999999751e+00
2.830000000000000071e+00
2.300000000000000100e-01
4.759999999999999787e+00
1.850000000000000089e+00
1.070000000000000062e+00
4.839999999999999858e+00
4.000000000000000222e-01
3.339999999999999858e+00
3.580000000000000071e+00
5.999999999999999778e-02
4.769999999999999574e+00
1.540000000000000036e+00
1.340000000000000080e+00
4.830000000000000071e+00
3.599999999999999867e-01
2.839999999999999858e+00
4.000000000000000000e+00
0.000000000000000000e+00
4.910000000000000142e+00
1.250000000000000000e+00
1.639999999999999902e+00
4.730000000000000426e+00
2.099999999999999922e-01
3.430000000000000160e+00
3.490000000000000213e+00
8.000000000000000167e-02
4.790000000000000036e+00
1.449999999999999956e+00
1.429999999999999938e+00
4.799999999999999822e+00
