4.190000000000000391e+00
2.759999999999999787e+00
1.199999999999999956e+00
1.600000000000000033e-01
5.999999999999999778e-02
9.599999999999999645e-01
2.470000000000000195e+00
3.970000000000000195e+00
4.839999999999999858e+00
4.730000000000000426e+00
3.680000000000000160e+00
2.109999999999999876e+00
1.510000000000000009e+00
3.870000000000000107e+00
4.919999999999999929e+00
3.700000000000000178e+00
1.320000000000000062e+00
0.000000000000000000e+00
9.300000000000000488e-01
3.270000000000000018e+00
4.849999999999999645e+00
4.230000000000000426e+00
1.959999999999999964e+00
1.499999999999999944e-01
4.500000000000000111e-01
2.609999999999999876e+00
4.610000000000000320e+00
4.629999999999999893e+00
2.629999999999999893e+00
4.699999999999999734e-01
1.400000000000000133e-01
1.939999999999999947e+00
4.209999999999999964e+00
4.860000000000000320e+00
3.290000000000000036e+00
9.399999999999999467e-01
0.000000000000000000e+00
1.300000000000000044e+00
3.680000000000000160e+00
4.919999999999999929e+00
3.890000000000000124e+00
1.530000000000000027e+00
1.000000000000000021e-02
7.500000000000000000e-01
3.049999999999999822e+00
4.790000000000000036e+00
4.379999999999999893e+00
2.180000000000000160e+00
2.300000000000000100e-01
3.300000000000000155e-01
2.390000000000000124e+00
4.500000000000000000e+00
4.730000000000000426e+00
2.859999999999999876e+00
6.199999999999999956e-01
5.999999999999999778e-02
1.719999999999999973e+00
4.049999999999999822e+00
4.900000000000000355e+00
3.500000000000000000e+00
1.129999999999999893e+00
0.000000000000000000e+00
1.100000000000000089e+00
3.479999999999999982e+00
4.900000000000000355e+00
4.070000000000000284e+00
1.739999999999999991e+00
7.000000000000000666e-02
5.999999999999999778e-01
2.830000000000000071e+00
4.709999999999999964e+00
4.509999999999999787e+00
2.399999999999999911e+00
3.499999999999999778e-01
2.200000000000000011e-01
2.160000000000000142e+00
4.360000000000000320e+00
4.799999999999999822e+00
3.080000000000000071e+00
7.800000000000000266e-01
1.000000000000000021e-02
1.510000000000000009e+00
3.879999999999999893e+00
4.919999999999999929e+00
3.700000000000000178e+00
1.320000000000000062e+00
0.000000000000000000e+00
9.200000000000000400e-01
3.270000000000000018e+00
4.860000000000000320e+00
4.230000000000000426e+00
1.959999999999999964e+00
1.400000000000000133e-01
4.500000000000000111e-01
2.609999999999999876e+00
4.610000000000000320e+00
4.620000000000000107e+00
2.629999999999999893e+00
4.699999999999999734e-01
1.400000000000000133e-01
