4.389999999999999680e+00
1.499999999999999944e-01
4.759999999999999787e+00
9.399999999999999467e-01
2.220000000000000195e+00
3.899999999999999911e+00
1.900000000000000022e-01
4.799999999999999822e+00
1.300000000000000044e+00
1.790000000000000036e+00
4.230000000000000426e+00
2.399999999999999911e-01
4.929999999999999716e+00
4.000000000000000222e-01
2.470000000000000195e+00
3.700000000000000178e+00
8.000000000000000167e-02
4.669999999999999929e+00
1.090000000000000080e+00
2.040000000000000036e+00
4.429999999999999716e+00
0.000000000000000000e+00
1.479999999999999982e+00
4.450000000000000178e+00
1.199999999999999956e-01
4.709999999999999964e+00
1.010000000000000009e+00
2.140000000000000124e+00
3.979999999999999982e+00
4.199999999999999845e-01
4.900000000000000355e+00
9.100000000000000311e-01
2.259999999999999787e+00
3.859999999999999876e+00
5.000000000000000000e-01
4.910000000000000142e+00
4.400000000000000022e-01
2.939999999999999947e+00
3.259999999999999787e+00
5.799999999999999600e-01
4.879999999999999893e+00
1.300000000000000044e-01
3.569999999999999840e+00
2.600000000000000089e+00
6.500000000000000222e-01
4.919999999999999929e+00
8.999999999999999667e-02
3.169999999999999929e+00
3.029999999999999805e+00
4.000000000000000222e-01
4.730000000000000426e+00
5.500000000000000444e-01
3.290000000000000036e+00
2.910000000000000142e+00
8.399999999999999689e-01
4.910000000000000142e+00
2.000000000000000111e-01
3.410000000000000142e+00
2.229999999999999982e+00
1.399999999999999911e+00
4.750000000000000000e+00
0.000000000000000000e+00
3.000000000000000000e+00
3.200000000000000178e+00
2.899999999999999800e-01
4.849999999999999645e+00
6.700000000000000400e-01
2.569999999999999840e+00
3.600000000000000089e+00
3.499999999999999778e-01
4.879999999999999893e+00
1.000000000000000000e+00
2.140000000000000124e+00
3.959999999999999964e+00
4.299999999999999933e-01
4.919999999999999929e+00
2.200000000000000011e-01
3.350000000000000089e+00
2.839999999999999858e+00
8.800000000000000044e-01
4.900000000000000355e+00
4.400000000000000022e-01
2.939999999999999947e+00
3.259999999999999787e+00
5.799999999999999600e-01
4.889999999999999680e+00
1.300000000000000044e-01
3.569999999999999840e+00
2.600000000000000089e+00
6.500000000000000222e-01
4.929999999999999716e+00
8.999999999999999667e-02
3.680000000000000160e+00
2.470000000000000195e+00
1.179999999999999938e+00
4.830000000000000071e+00
5.000000000000000278e-02
3.779999999999999805e+00
2.359999999999999876e+00
1.290000000000000036e+00
