0.000000000000000000e+00
2.800000000000000266e-01
1.000000000000000056e-01
9.499999999999999556e-01
2.870000000000000107e+00
4.769999999999999574e+00
4.349999999999999645e+00
2.040000000000000036e+00
3.900000000000000133e-01
4.000000000000000083e-02
1.239999999999999991e+00
3.709999999999999964e+00
4.849999999999999645e+00
3.160000000000000142e+00
7.600000000000000089e-01
0.000000000000000000e+00
2.999999999999999889e-01
0.000000000000000000e+00
2.099999999999999922e-01
1.600000000000000033e-01
1.570000000000000062e+00
4.000000000000000000e+00
4.820000000000000284e+00
4.259999999999999787e+00
1.899999999999999911e+00
2.999999999999999889e-01
0.000000000000000000e+00
4.000000000000000083e-02
4.099999999999999756e-01
2.629999999999999893e+00
4.860000000000000320e+00
4.139999999999999680e+00
1.739999999999999991e+00
4.000000000000000083e-02
1.400000000000000133e-01
1.520000000000000018e+00
3.970000000000000195e+00
4.900000000000000355e+00
3.870000000000000107e+00
1.399999999999999911e+00
1.000000000000000056e-01
7.000000000000000666e-02
1.340000000000000080e+00
3.810000000000000053e+00
4.820000000000000284e+00
2.509999999999999787e+00
3.400000000000000244e-01
7.000000000000000666e-02
8.599999999999999867e-01
2.750000000000000000e+00
4.719999999999999751e+00
4.429999999999999716e+00
2.160000000000000142e+00
1.799999999999999933e-01
1.799999999999999933e-01
1.639999999999999902e+00
4.070000000000000284e+00
4.879999999999999893e+00
3.270000000000000018e+00
4.699999999999999734e-01
1.799999999999999933e-01
1.610000000000000098e+00
4.040000000000000036e+00
4.919999999999999929e+00
3.799999999999999822e+00
1.840000000000000080e+00
7.000000000000000666e-02
1.100000000000000006e-01
1.419999999999999929e+00
3.870000000000000107e+00
4.910000000000000142e+00
3.490000000000000213e+00
6.199999999999999956e-01
8.999999999999999667e-02
1.389999999999999902e+00
3.850000000000000089e+00
4.910000000000000142e+00
3.520000000000000018e+00
1.060000000000000053e+00
0.000000000000000000e+00
4.000000000000000083e-02
7.600000000000000089e-01
2.620000000000000107e+00
4.669999999999999929e+00
4.500000000000000000e+00
2.850000000000000089e+00
5.300000000000000266e-01
1.400000000000000133e-01
2.040000000000000036e+00
4.349999999999999645e+00
4.519999999999999574e+00
2.319999999999999840e+00
2.500000000000000000e-01
1.199999999999999956e-01
1.489999999999999991e+00
3.939999999999999947e+00
4.900000000000000355e+00
3.899999999999999911e+00
1.969999999999999973e+00
1.000000000000000056e-01
