0.000000000000000000e+00
4.290000000000000036e+00
4.799999999999999822e+00
4.910000000000000142e+00
4.839999999999999858e+00
4.379999999999999893e+00
3.580000000000000071e+00
2.580000000000000071e+00
1.560000000000000053e+00
6.899999999999999467e-01
0.000000000000000000e+00
4.099999999999999645e+00
4.889999999999999680e+00
4.540000000000000036e+00
3.819999999999999840e+00
2.859999999999999876e+00
1.820000000000000062e+00
9.000000000000000222e-01
2.000000000000000042e-02
2.899999999999999800e-01
1.580000000000000071e+00
2.609999999999999876e+00
3.600000000000000089e+00
4.740000000000000213e+00
4.919999999999999929e+00
4.660000000000000142e+00
4.030000000000000249e+00
2.419999999999999929e+00
1.409999999999999920e+00
5.799999999999999600e-01
0.000000000000000000e+00
4.209999999999999964e+00
4.769999999999999574e+00
4.860000000000000320e+00
4.860000000000000320e+00
4.440000000000000391e+00
3.680000000000000160e+00
3.359999999999999876e+00
2.339999999999999858e+00
1.340000000000000080e+00
5.300000000000000266e-01
0.000000000000000000e+00
4.280000000000000249e+00
4.790000000000000036e+00
4.900000000000000355e+00
4.169999999999999929e+00
3.290000000000000036e+00
2.270000000000000018e+00
1.280000000000000027e+00
9.799999999999999822e-01
2.899999999999999800e-01
2.000000000000000042e-02
8.900000000000000133e-01
1.820000000000000062e+00
2.850000000000000089e+00
3.819999999999999840e+00
4.540000000000000036e+00
4.900000000000000355e+00
4.549999999999999822e+00
3.830000000000000071e+00
2.859999999999999876e+00
1.830000000000000071e+00
8.900000000000000133e-01
2.000000000000000042e-02
2.899999999999999800e-01
1.580000000000000071e+00
2.609999999999999876e+00
2.959999999999999964e+00
3.899999999999999911e+00
4.849999999999999645e+00
4.879999999999999893e+00
4.019999999999999574e+00
2.419999999999999929e+00
1.409999999999999920e+00
5.899999999999999689e-01
0.000000000000000000e+00
4.219999999999999751e+00
4.769999999999999574e+00
4.910000000000000142e+00
4.860000000000000320e+00
4.440000000000000391e+00
3.669999999999999929e+00
3.350000000000000089e+00
2.330000000000000071e+00
1.320000000000000062e+00
5.200000000000000178e-01
0.000000000000000000e+00
4.280000000000000249e+00
4.799999999999999822e+00
4.740000000000000213e+00
4.150000000000000355e+00
3.270000000000000018e+00
2.240000000000000213e+00
1.899999999999999911e+00
9.599999999999999645e-01
2.800000000000000266e-01
2.999999999999999889e-02
9.200000000000000400e-01
2.529999999999999805e+00
3.540000000000000036e+00
