1.310000000000000053e+00
4.889999999999999680e+00
2.049999999999999822e+00
7.500000000000000000e-01
4.910000000000000142e+00
1.909999999999999920e+00
3.200000000000000067e-01
4.750000000000000000e+00
3.399999999999999911e+00
0.000000000000000000e+00
4.360000000000000320e+00
9.100000000000000311e-01
1.100000000000000089e+00
4.919999999999999929e+00
1.500000000000000000e+00
1.219999999999999973e+00
4.870000000000000107e+00
2.169999999999999929e+00
2.099999999999999922e-01
4.639999999999999680e+00
2.850000000000000089e+00
0.000000000000000000e+00
4.910000000000000142e+00
1.889999999999999902e+00
3.400000000000000244e-01
4.339999999999999858e+00
3.370000000000000107e+00
1.799999999999999933e-01
2.250000000000000000e+00
4.849999999999999645e+00
1.149999999999999911e+00
1.570000000000000062e+00
4.919999999999999929e+00
1.770000000000000018e+00
4.000000000000000222e-01
4.919999999999999929e+00
1.639999999999999902e+00
4.799999999999999822e-01
4.490000000000000213e+00
3.879999999999999893e+00
8.000000000000000167e-02
3.310000000000000053e+00
4.379999999999999893e+00
3.800000000000000044e-01
2.640000000000000124e+00
4.730000000000000426e+00
8.299999999999999600e-01
1.959999999999999964e+00
4.910000000000000142e+00
1.409999999999999920e+00
6.500000000000000222e-01
4.889999999999999680e+00
2.069999999999999840e+00
2.399999999999999911e-01
4.209999999999999964e+00
4.219999999999999751e+00
7.500000000000000000e-01
2.049999999999999822e+00
4.620000000000000107e+00
6.500000000000000222e-01
2.200000000000000178e+00
4.559999999999999609e+00
5.600000000000000533e-01
2.339999999999999858e+00
4.830000000000000071e+00
1.070000000000000062e+00
1.659999999999999920e+00
4.919999999999999929e+00
2.509999999999999787e+00
0.000000000000000000e+00
4.299999999999999822e+00
3.200000000000000067e-01
2.759999999999999787e+00
4.679999999999999716e+00
7.399999999999999911e-01
2.080000000000000071e+00
4.610000000000000320e+00
6.400000000000000133e-01
2.220000000000000195e+00
4.860000000000000320e+00
1.159999999999999920e+00
1.560000000000000053e+00
4.919999999999999929e+00
2.609999999999999876e+00
0.000000000000000000e+00
4.360000000000000320e+00
9.200000000000000400e-01
1.840000000000000080e+00
4.910000000000000142e+00
1.510000000000000009e+00
5.699999999999999512e-01
4.870000000000000107e+00
2.169999999999999929e+00
2.099999999999999922e-01
4.639999999999999680e+00
2.850000000000000089e+00
0.000000000000000000e+00
4.910000000000000142e+00
2.700000000000000178e+00
2.999999999999999889e-02
