6.600000000000000311e-01
4.769999999999999574e+00
1.700000000000000122e-01
4.169999999999999929e+00
3.209999999999999964e+00
2.999999999999999889e-01
4.690000000000000391e+00
8.999999999999999667e-02
4.750000000000000000e+00
1.379999999999999893e+00
1.729999999999999982e+00
4.580000000000000071e+00
2.999999999999999889e-02
4.820000000000000284e+00
1.189999999999999947e+00
1.949999999999999956e+00
4.830000000000000071e+00
2.399999999999999911e-01
4.049999999999999822e+00
1.739999999999999991e+00
1.370000000000000107e+00
4.929999999999999716e+00
5.799999999999999600e-01
3.529999999999999805e+00
3.169999999999999929e+00
3.200000000000000067e-01
4.870000000000000107e+00
1.770000000000000018e+00
1.330000000000000071e+00
4.769999999999999574e+00
1.600000000000000033e-01
4.179999999999999716e+00
2.379999999999999893e+00
8.299999999999999600e-01
4.690000000000000391e+00
8.999999999999999667e-02
4.769999999999999574e+00
2.169999999999999929e+00
4.199999999999999845e-01
4.870000000000000107e+00
3.400000000000000244e-01
3.890000000000000124e+00
2.779999999999999805e+00
5.500000000000000444e-01
4.940000000000000391e+00
7.199999999999999734e-01
3.330000000000000071e+00
3.370000000000000107e+00
2.200000000000000011e-01
4.830000000000000071e+00
1.209999999999999964e+00
1.909999999999999920e+00
4.500000000000000000e+00
2.000000000000000042e-02
4.870000000000000107e+00
1.020000000000000018e+00
2.959999999999999964e+00
3.720000000000000195e+00
8.000000000000000167e-02
4.870000000000000107e+00
3.200000000000000067e-01
3.169999999999999929e+00
3.529999999999999805e+00
1.499999999999999944e-01
4.929999999999999716e+00
6.899999999999999467e-01
2.580000000000000071e+00
4.040000000000000036e+00
2.399999999999999911e-01
4.919999999999999929e+00
5.400000000000000355e-01
2.799999999999999822e+00
3.870000000000000107e+00
2.999999999999999889e-02
4.900000000000000355e+00
5.999999999999999778e-02
4.790000000000000036e+00
1.290000000000000036e+00
1.830000000000000071e+00
4.540000000000000036e+00
1.000000000000000021e-02
4.849999999999999645e+00
1.100000000000000089e+00
2.040000000000000036e+00
3.799999999999999822e+00
3.900000000000000133e-01
4.889999999999999680e+00
4.000000000000000083e-02
4.809999999999999609e+00
2.000000000000000000e+00
2.720000000000000195e+00
3.910000000000000142e+00
2.000000000000000042e-02
4.910000000000000142e+00
1.040000000000000036e+00
2.120000000000000107e+00
4.360000000000000320e+00
0.000000000000000000e+00
2.500000000000000000e+00
1.419999999999999929e+00
