4.730000000000000426e+00
4.129999999999999893e+00
4.559999999999999609e+00
1.570000000000000062e+00
2.000000000000000042e-02
6.800000000000000488e-01
3.819999999999999840e+00
4.740000000000000213e+00
1.949999999999999956e+00
0.000000000000000000e+00
1.899999999999999911e+00
1.300000000000000044e-01
1.179999999999999938e+00
3.520000000000000018e+00
4.839999999999999858e+00
2.279999999999999805e+00
0.000000000000000000e+00
2.220000000000000195e+00
8.000000000000000167e-02
9.000000000000000222e-01
2.250000000000000000e+00
4.830000000000000071e+00
3.549999999999999822e+00
4.799999999999999822e-01
6.099999999999999867e-01
2.830000000000000071e+00
4.919999999999999929e+00
3.009999999999999787e+00
7.399999999999999911e-01
3.800000000000000044e-01
3.379999999999999893e+00
4.879999999999999893e+00
3.390000000000000124e+00
3.800000000000000044e-01
1.900000000000000022e-01
3.000000000000000000e+00
4.269999999999999574e+00
4.440000000000000391e+00
1.389999999999999902e+00
5.000000000000000278e-02
1.659999999999999920e+00
4.900000000000000355e+00
4.049999999999999822e+00
1.750000000000000000e+00
0.000000000000000000e+00
1.709999999999999964e+00
2.899999999999999800e-01
2.270000000000000018e+00
4.839999999999999858e+00
3.529999999999999805e+00
4.600000000000000200e-01
1.300000000000000044e-01
2.850000000000000089e+00
4.919999999999999929e+00
2.990000000000000213e+00
1.799999999999999933e-01
3.900000000000000133e-01
2.459999999999999964e+00
4.879999999999999893e+00
4.169999999999999929e+00
1.020000000000000018e+00
0.000000000000000000e+00
1.850000000000000089e+00
0.000000000000000000e+00
9.399999999999999467e-01
0.000000000000000000e+00
1.750000000000000000e+00
0.000000000000000000e+00
1.699999999999999956e+00
7.000000000000000666e-02
5.899999999999999689e-01
3.700000000000000178e+00
4.919999999999999929e+00
3.040000000000000036e+00
7.700000000000000178e-01
1.000000000000000021e-02
6.700000000000000400e-01
2.910000000000000142e+00
4.919999999999999929e+00
2.930000000000000160e+00
1.600000000000000033e-01
1.110000000000000098e+00
4.250000000000000000e+00
4.459999999999999964e+00
1.409999999999999920e+00
5.000000000000000278e-02
8.000000000000000444e-01
3.080000000000000071e+00
4.919999999999999929e+00
2.750000000000000000e+00
8.999999999999999667e-02
8.000000000000000167e-02
8.900000000000000133e-01
4.040000000000000036e+00
4.910000000000000142e+00
2.629999999999999893e+00
5.999999999999999778e-02
1.199999999999999956e-01
2.819999999999999840e+00
4.780000000000000249e+00
