2.999999999999999889e-01
2.339999999999999858e+00
4.700000000000000178e+00
5.200000000000000178e-01
1.959999999999999964e+00
4.839999999999999858e+00
7.800000000000000266e-01
1.590000000000000080e+00
4.910000000000000142e+00
1.080000000000000071e+00
1.239999999999999991e+00
4.919999999999999929e+00
4.910000000000000142e+00
4.699999999999999734e-01
2.899999999999999911e+00
3.790000000000000036e+00
5.000000000000000278e-02
4.620000000000000107e+00
1.679999999999999938e+00
1.399999999999999911e+00
4.750000000000000000e+00
1.499999999999999944e-01
3.529999999999999805e+00
3.189999999999999947e+00
2.999999999999999889e-01
4.849999999999999645e+00
1.090000000000000080e+00
2.029999999999999805e+00
4.419999999999999929e+00
0.000000000000000000e+00
4.080000000000000071e+00
2.540000000000000036e+00
6.899999999999999467e-01
4.919999999999999929e+00
5.999999999999999778e-01
2.700000000000000178e+00
3.950000000000000178e+00
1.000000000000000021e-02
4.509999999999999787e+00
1.879999999999999893e+00
1.219999999999999973e+00
4.809999999999999609e+00
2.300000000000000100e-01
3.339999999999999858e+00
3.379999999999999893e+00
2.099999999999999922e-01
4.799999999999999822e+00
1.270000000000000018e+00
1.830000000000000071e+00
4.540000000000000036e+00
1.000000000000000021e-02
3.910000000000000142e+00
2.750000000000000000e+00
5.600000000000000533e-01
4.919999999999999929e+00
7.399999999999999911e-01
2.490000000000000213e+00
4.110000000000000320e+00
0.000000000000000000e+00
4.389999999999999680e+00
2.089999999999999858e+00
1.040000000000000036e+00
4.870000000000000107e+00
3.300000000000000155e-01
3.140000000000000124e+00
3.569999999999999840e+00
1.300000000000000044e-01
4.730000000000000426e+00
1.449999999999999956e+00
1.639999999999999902e+00
4.639999999999999680e+00
7.000000000000000666e-02
3.740000000000000213e+00
2.950000000000000178e+00
4.299999999999999933e-01
4.900000000000000355e+00
8.900000000000000133e-01
2.279999999999999805e+00
4.259999999999999787e+00
0.000000000000000000e+00
4.250000000000000000e+00
2.290000000000000036e+00
8.800000000000000044e-01
4.900000000000000355e+00
4.400000000000000022e-01
2.939999999999999947e+00
3.750000000000000000e+00
5.999999999999999778e-02
4.639999999999999680e+00
1.639999999999999902e+00
1.449999999999999956e+00
4.730000000000000426e+00
1.300000000000000044e-01
3.560000000000000053e+00
3.149999999999999911e+00
3.200000000000000067e-01
4.870000000000000107e+00
1.060000000000000053e+00
2.069999999999999840e+00
4.389999999999999680e+00
