2.049999999999999822e+00
2.779999999999999805e+00
3.800000000000000044e-01
1.100000000000000089e+00
3.740000000000000213e+00
4.769999999999999574e+00
4.219999999999999751e+00
1.659999999999999920e+00
0.000000000000000000e+00
3.799999999999999822e+00
1.169999999999999929e+00
0.000000000000000000e+00
3.319999999999999840e+00
7.399999999999999911e-01
6.600000000000000311e-01
4.160000000000000142e+00
4.799999999999999822e+00
2.779999999999999805e+00
3.800000000000000044e-01
1.100000000000000089e+00
4.530000000000000249e+00
4.919999999999999929e+00
4.230000000000000426e+00
1.649999999999999911e+00
0.000000000000000000e+00
3.799999999999999822e+00
3.800000000000000044e-01
1.100000000000000089e+00
3.729999999999999982e+00
4.919999999999999929e+00
3.299999999999999822e+00
1.300000000000000044e-01
1.600000000000000089e+00
4.179999999999999716e+00
4.910000000000000142e+00
3.779999999999999805e+00
1.149999999999999911e+00
3.499999999999999778e-01
3.759999999999999787e+00
4.780000000000000249e+00
4.209999999999999964e+00
1.639999999999999902e+00
0.000000000000000000e+00
3.779999999999999805e+00
1.139999999999999902e+00
0.000000000000000000e+00
3.290000000000000036e+00
7.099999999999999645e-01
6.800000000000000488e-01
4.169999999999999929e+00
4.910000000000000142e+00
4.559999999999999609e+00
2.180000000000000160e+00
1.199999999999999956e-01
1.629999999999999893e+00
4.200000000000000178e+00
4.780000000000000249e+00
2.729999999999999982e+00
3.599999999999999867e-01
1.139999999999999902e+00
4.549999999999999822e+00
4.540000000000000036e+00
3.250000000000000000e+00
6.899999999999999467e-01
7.199999999999999734e-01
4.209999999999999964e+00
4.780000000000000249e+00
3.740000000000000213e+00
2.140000000000000124e+00
1.100000000000000006e-01
1.679999999999999938e+00
4.240000000000000213e+00
4.769999999999999574e+00
2.680000000000000160e+00
3.300000000000000155e-01
1.179999999999999938e+00
4.570000000000000284e+00
4.509999999999999787e+00
3.209999999999999964e+00
1.560000000000000053e+00
0.000000000000000000e+00
3.720000000000000195e+00
1.090000000000000080e+00
3.900000000000000133e-01
3.819999999999999840e+00
4.250000000000000000e+00
4.759999999999999787e+00
2.649999999999999911e+00
3.200000000000000067e-01
1.209999999999999964e+00
3.839999999999999858e+00
4.900000000000000355e+00
2.089999999999999858e+00
0.000000000000000000e+00
4.589999999999999858e+00
3.700000000000000178e+00
2.089999999999999858e+00
0.000000000000000000e+00
4.589999999999999858e+00
4.500000000000000000e+00
