2.709999999999999964e+00
2.089999999999999858e+00
2.049999999999999822e+00
2.290000000000000036e+00
2.759999999999999787e+00
3.479999999999999982e+00
3.629999999999999893e+00
3.390000000000000124e+00
2.919999999999999929e+00
2.919999999999999929e+00
3.259999999999999787e+00
3.189999999999999947e+00
2.709999999999999964e+00
2.709999999999999964e+00
3.049999999999999822e+00
3.020000000000000018e+00
2.660000000000000142e+00
2.740000000000000213e+00
3.140000000000000124e+00
3.100000000000000089e+00
2.720000000000000195e+00
2.779999999999999805e+00
3.100000000000000089e+00
3.049999999999999822e+00
2.680000000000000160e+00
2.709999999999999964e+00
3.120000000000000107e+00
3.080000000000000071e+00
2.729999999999999982e+00
2.810000000000000053e+00
3.180000000000000160e+00
3.129999999999999893e+00
2.729999999999999982e+00
2.709999999999999964e+00
3.109999999999999876e+00
3.060000000000000053e+00
2.709999999999999964e+00
2.779999999999999805e+00
3.169999999999999929e+00
3.109999999999999876e+00
2.729999999999999982e+00
2.720000000000000195e+00
3.069999999999999840e+00
3.029999999999999805e+00
2.669999999999999929e+00
2.750000000000000000e+00
3.140000000000000124e+00
3.109999999999999876e+00
2.709999999999999964e+00
2.779999999999999805e+00
3.089999999999999858e+00
3.040000000000000036e+00
2.669999999999999929e+00
2.720000000000000195e+00
3.120000000000000107e+00
3.089999999999999858e+00
2.729999999999999982e+00
2.810000000000000053e+00
3.189999999999999947e+00
3.120000000000000107e+00
2.729999999999999982e+00
2.709999999999999964e+00
3.109999999999999876e+00
3.069999999999999840e+00
2.709999999999999964e+00
2.779999999999999805e+00
3.169999999999999929e+00
3.109999999999999876e+00
2.720000000000000195e+00
2.709999999999999964e+00
3.069999999999999840e+00
3.029999999999999805e+00
2.669999999999999929e+00
2.750000000000000000e+00
3.140000000000000124e+00
3.109999999999999876e+00
2.709999999999999964e+00
2.770000000000000018e+00
3.089999999999999858e+00
3.040000000000000036e+00
2.669999999999999929e+00
2.720000000000000195e+00
3.120000000000000107e+00
3.089999999999999858e+00
2.729999999999999982e+00
2.810000000000000053e+00
3.189999999999999947e+00
3.120000000000000107e+00
2.720000000000000195e+00
2.709999999999999964e+00
3.109999999999999876e+00
3.069999999999999840e+00
2.709999999999999964e+00
2.790000000000000036e+00
3.169999999999999929e+00
3.109999999999999876e+00
2.720000000000000195e+00
2.709999999999999964e+00
3.069999999999999840e+00
3.029999999999999805e+00
2.669999999999999929e+00
2.750000000000000000e+00
3.140000000000000124e+00
3.109999999999999876e+00
2.709999999999999964e+00
2.770000000000000018e+00
3.089999999999999858e+00
3.029999999999999805e+00
2.660000000000000142e+00
2.720000000000000195e+00
3.129999999999999893e+00
3.089999999999999858e+00
2.740000000000000213e+00
2.819999999999999840e+00
3.189999999999999947e+00
3.109999999999999876e+00
2.720000000000000195e+00
2.700000000000000178e+00
3.109999999999999876e+00
3.069999999999999840e+00
2.709999999999999964e+00
2.790000000000000036e+00
3.169999999999999929e+00
3.100000000000000089e+00
2.720000000000000195e+00
2.709999999999999964e+00
3.069999999999999840e+00
3.029999999999999805e+00
2.669999999999999929e+00
2.750000000000000000e+00
3.149999999999999911e+00
3.109999999999999876e+00
2.700000000000000178e+00
2.770000000000000018e+00
3.089999999999999858e+00
3.029999999999999805e+00
2.660000000000000142e+00
2.729999999999999982e+00
3.129999999999999893e+00
3.089999999999999858e+00
2.740000000000000213e+00
2.810000000000000053e+00
3.200000000000000178e+00
3.109999999999999876e+00
2.720000000000000195e+00
2.700000000000000178e+00
3.109999999999999876e+00
3.069999999999999840e+00
2.709999999999999964e+00
2.790000000000000036e+00
3.169999999999999929e+00
3.100000000000000089e+00
2.720000000000000195e+00
2.709999999999999964e+00
3.069999999999999840e+00
3.029999999999999805e+00
2.680000000000000160e+00
2.759999999999999787e+00
3.149999999999999911e+00
3.120000000000000107e+00
2.700000000000000178e+00
2.770000000000000018e+00
3.080000000000000071e+00
3.029999999999999805e+00
2.660000000000000142e+00
2.729999999999999982e+00
3.129999999999999893e+00
3.089999999999999858e+00
2.740000000000000213e+00
2.819999999999999840e+00
3.189999999999999947e+00
3.109999999999999876e+00
2.720000000000000195e+00
2.700000000000000178e+00
3.109999999999999876e+00
3.069999999999999840e+00
2.709999999999999964e+00
2.790000000000000036e+00
3.169999999999999929e+00
3.100000000000000089e+00
2.720000000000000195e+00
2.709999999999999964e+00
3.069999999999999840e+00
3.029999999999999805e+00
2.680000000000000160e+00
2.759999999999999787e+00
3.149999999999999911e+00
3.120000000000000107e+00
2.700000000000000178e+00
2.770000000000000018e+00
3.089999999999999858e+00
3.029999999999999805e+00
2.660000000000000142e+00
2.729999999999999982e+00
3.129999999999999893e+00
3.089999999999999858e+00
2.740000000000000213e+00
2.810000000000000053e+00
3.189999999999999947e+00
3.109999999999999876e+00
2.720000000000000195e+00
2.700000000000000178e+00
3.109999999999999876e+00
3.069999999999999840e+00
2.709999999999999964e+00
2.790000000000000036e+00
3.180000000000000160e+00
3.100000000000000089e+00
2.720000000000000195e+00
2.709999999999999964e+00
3.069999999999999840e+00
3.029999999999999805e+00
2.669999999999999929e+00
2.750000000000000000e+00
3.140000000000000124e+00
3.109999999999999876e+00
2.700000000000000178e+00
2.770000000000000018e+00
3.089999999999999858e+00
3.040000000000000036e+00
2.669999999999999929e+00
2.720000000000000195e+00
3.129999999999999893e+00
3.089999999999999858e+00
2.740000000000000213e+00
2.819999999999999840e+00
3.189999999999999947e+00
3.109999999999999876e+00
2.720000000000000195e+00
2.700000000000000178e+00
3.109999999999999876e+00
3.069999999999999840e+00
2.709999999999999964e+00
2.790000000000000036e+00
3.169999999999999929e+00
3.100000000000000089e+00
2.720000000000000195e+00
2.709999999999999964e+00
3.069999999999999840e+00
3.029999999999999805e+00
2.680000000000000160e+00
2.759999999999999787e+00
3.149999999999999911e+00
3.109999999999999876e+00
2.700000000000000178e+00
2.770000000000000018e+00
3.080000000000000071e+00
3.040000000000000036e+00
2.669999999999999929e+00
2.720000000000000195e+00
3.129999999999999893e+00
3.089999999999999858e+00
2.740000000000000213e+00
2.819999999999999840e+00
3.189999999999999947e+00
3.109999999999999876e+00
2.720000000000000195e+00
2.700000000000000178e+00
3.109999999999999876e+00
3.069999999999999840e+00
2.709999999999999964e+00
2.790000000000000036e+00
3.169999999999999929e+00
3.100000000000000089e+00
2.720000000000000195e+00
2.709999999999999964e+00
3.069999999999999840e+00
3.029999999999999805e+00
2.680000000000000160e+00
2.759999999999999787e+00
3.149999999999999911e+00
3.109999999999999876e+00
2.700000000000000178e+00
2.770000000000000018e+00
3.080000000000000071e+00
3.029999999999999805e+00
2.660000000000000142e+00
2.720000000000000195e+00
3.129999999999999893e+00
3.089999999999999858e+00
2.740000000000000213e+00
2.810000000000000053e+00
3.189999999999999947e+00
3.120000000000000107e+00
2.720000000000000195e+00
2.700000000000000178e+00
3.120000000000000107e+00
3.069999999999999840e+00
2.709999999999999964e+00
2.790000000000000036e+00
3.169999999999999929e+00
3.100000000000000089e+00
2.720000000000000195e+00
2.709999999999999964e+00
3.069999999999999840e+00
3.029999999999999805e+00
2.680000000000000160e+00
2.759999999999999787e+00
3.140000000000000124e+00
3.120000000000000107e+00
