2.939999999999999947e+00
1.949999999999999956e+00
1.409999999999999920e+00
1.110000000000000098e+00
9.899999999999999911e-01
9.699999999999999734e-01
1.010000000000000009e+00
1.090000000000000080e+00
1.280000000000000027e+00
1.469999999999999973e+00
1.669999999999999929e+00
1.830000000000000071e+00
1.989999999999999991e+00
2.140000000000000124e+00
2.290000000000000036e+00
2.470000000000000195e+00
2.689999999999999947e+00
2.910000000000000142e+00
3.120000000000000107e+00
3.200000000000000178e+00
3.200000000000000178e+00
3.089999999999999858e+00
2.939999999999999947e+00
2.890000000000000124e+00
2.919999999999999929e+00
3.060000000000000053e+00
3.089999999999999858e+00
3.040000000000000036e+00
2.959999999999999964e+00
2.970000000000000195e+00
3.029999999999999805e+00
2.979999999999999982e+00
2.979999999999999982e+00
3.040000000000000036e+00
3.069999999999999840e+00
3.020000000000000018e+00
2.930000000000000160e+00
2.939999999999999947e+00
3.020000000000000018e+00
3.020000000000000018e+00
2.899999999999999911e+00
2.870000000000000107e+00
2.910000000000000142e+00
3.020000000000000018e+00
3.060000000000000053e+00
3.020000000000000018e+00
2.930000000000000160e+00
2.950000000000000178e+00
3.029999999999999805e+00
2.990000000000000213e+00
3.000000000000000000e+00
2.950000000000000178e+00
2.950000000000000178e+00
3.080000000000000071e+00
3.100000000000000089e+00
3.049999999999999822e+00
2.959999999999999964e+00
2.970000000000000195e+00
3.049999999999999822e+00
2.979999999999999982e+00
2.990000000000000213e+00
3.049999999999999822e+00
3.060000000000000053e+00
3.020000000000000018e+00
2.930000000000000160e+00
2.939999999999999947e+00
3.020000000000000018e+00
3.020000000000000018e+00
2.899999999999999911e+00
2.879999999999999893e+00
2.919999999999999929e+00
3.020000000000000018e+00
3.049999999999999822e+00
3.020000000000000018e+00
2.930000000000000160e+00
2.939999999999999947e+00
3.029999999999999805e+00
3.000000000000000000e+00
3.009999999999999787e+00
2.950000000000000178e+00
2.959999999999999964e+00
3.069999999999999840e+00
3.089999999999999858e+00
3.049999999999999822e+00
2.950000000000000178e+00
2.959999999999999964e+00
3.040000000000000036e+00
2.990000000000000213e+00
2.990000000000000213e+00
3.060000000000000053e+00
3.060000000000000053e+00
3.009999999999999787e+00
2.919999999999999929e+00
2.930000000000000160e+00
3.009999999999999787e+00
3.009999999999999787e+00
2.910000000000000142e+00
2.879999999999999893e+00
2.919999999999999929e+00
3.000000000000000000e+00
3.049999999999999822e+00
3.009999999999999787e+00
2.930000000000000160e+00
2.939999999999999947e+00
3.020000000000000018e+00
3.020000000000000018e+00
2.890000000000000124e+00
2.859999999999999876e+00
2.899999999999999911e+00
3.029999999999999805e+00
3.060000000000000053e+00
3.020000000000000018e+00
2.939999999999999947e+00
2.950000000000000178e+00
3.040000000000000036e+00
2.990000000000000213e+00
3.000000000000000000e+00
3.060000000000000053e+00
3.040000000000000036e+00
3.009999999999999787e+00
2.919999999999999929e+00
2.930000000000000160e+00
3.009999999999999787e+00
3.009999999999999787e+00
2.919999999999999929e+00
2.890000000000000124e+00
2.919999999999999929e+00
3.000000000000000000e+00
3.040000000000000036e+00
3.009999999999999787e+00
2.919999999999999929e+00
2.930000000000000160e+00
3.020000000000000018e+00
3.020000000000000018e+00
2.899999999999999911e+00
2.870000000000000107e+00
2.910000000000000142e+00
3.020000000000000018e+00
3.060000000000000053e+00
3.020000000000000018e+00
2.930000000000000160e+00
2.950000000000000178e+00
3.029999999999999805e+00
2.990000000000000213e+00
3.000000000000000000e+00
2.950000000000000178e+00
2.950000000000000178e+00
3.080000000000000071e+00
3.100000000000000089e+00
3.049999999999999822e+00
2.959999999999999964e+00
2.970000000000000195e+00
3.049999999999999822e+00
2.970000000000000195e+00
2.979999999999999982e+00
3.049999999999999822e+00
3.069999999999999840e+00
3.020000000000000018e+00
2.930000000000000160e+00
2.939999999999999947e+00
3.020000000000000018e+00
3.020000000000000018e+00
2.899999999999999911e+00
2.879999999999999893e+00
2.919999999999999929e+00
3.020000000000000018e+00
3.060000000000000053e+00
3.020000000000000018e+00
2.930000000000000160e+00
2.950000000000000178e+00
3.029999999999999805e+00
2.990000000000000213e+00
3.000000000000000000e+00
2.950000000000000178e+00
2.950000000000000178e+00
3.069999999999999840e+00
3.100000000000000089e+00
3.049999999999999822e+00
2.959999999999999964e+00
2.970000000000000195e+00
3.049999999999999822e+00
2.979999999999999982e+00
2.990000000000000213e+00
3.049999999999999822e+00
3.060000000000000053e+00
3.020000000000000018e+00
2.930000000000000160e+00
2.939999999999999947e+00
3.020000000000000018e+00
3.009999999999999787e+00
2.910000000000000142e+00
2.879999999999999893e+00
2.919999999999999929e+00
3.020000000000000018e+00
3.049999999999999822e+00
3.020000000000000018e+00
2.930000000000000160e+00
2.939999999999999947e+00
3.029999999999999805e+00
3.000000000000000000e+00
3.009999999999999787e+00
2.959999999999999964e+00
2.959999999999999964e+00
3.069999999999999840e+00
3.089999999999999858e+00
3.049999999999999822e+00
2.950000000000000178e+00
2.959999999999999964e+00
3.040000000000000036e+00
2.990000000000000213e+00
2.990000000000000213e+00
3.060000000000000053e+00
3.060000000000000053e+00
3.009999999999999787e+00
2.919999999999999929e+00
2.930000000000000160e+00
3.020000000000000018e+00
3.009999999999999787e+00
2.910000000000000142e+00
2.879999999999999893e+00
2.919999999999999929e+00
3.000000000000000000e+00
3.180000000000000160e+00
3.229999999999999982e+00
3.200000000000000178e+00
3.129999999999999893e+00
3.020000000000000018e+00
2.850000000000000089e+00
2.790000000000000036e+00
2.799999999999999822e+00
2.859999999999999876e+00
3.000000000000000000e+00
3.049999999999999822e+00
3.009999999999999787e+00
2.930000000000000160e+00
2.950000000000000178e+00
3.029999999999999805e+00
2.979999999999999982e+00
2.990000000000000213e+00
3.060000000000000053e+00
3.060000000000000053e+00
3.009999999999999787e+00
2.919999999999999929e+00
2.930000000000000160e+00
3.009999999999999787e+00
3.009999999999999787e+00
2.910000000000000142e+00
2.879999999999999893e+00
2.919999999999999929e+00
3.000000000000000000e+00
3.049999999999999822e+00
3.009999999999999787e+00
2.919999999999999929e+00
2.939999999999999947e+00
3.020000000000000018e+00
3.029999999999999805e+00
2.890000000000000124e+00
2.870000000000000107e+00
2.899999999999999911e+00
3.020000000000000018e+00
3.060000000000000053e+00
3.020000000000000018e+00
2.939999999999999947e+00
2.950000000000000178e+00
3.029999999999999805e+00
2.979999999999999982e+00
3.000000000000000000e+00
3.060000000000000053e+00
3.040000000000000036e+00
3.009999999999999787e+00
2.919999999999999929e+00
2.930000000000000160e+00
3.009999999999999787e+00
3.009999999999999787e+00
2.919999999999999929e+00
2.899999999999999911e+00
2.930000000000000160e+00
3.020000000000000018e+00
3.049999999999999822e+00
3.009999999999999787e+00
2.919999999999999929e+00
2.939999999999999947e+00
3.020000000000000018e+00
3.020000000000000018e+00
2.899999999999999911e+00
2.870000000000000107e+00
2.910000000000000142e+00
3.020000000000000018e+00
3.049999999999999822e+00
3.020000000000000018e+00
2.930000000000000160e+00
2.939999999999999947e+00
3.029999999999999805e+00
3.000000000000000000e+00
3.009999999999999787e+00
2.950000000000000178e+00
2.959999999999999964e+00
3.069999999999999840e+00
3.100000000000000089e+00
3.049999999999999822e+00
