-7.600000000000000556e-08
-7.590000000000001128e-08
-7.580000000000000377e-08
-7.570000000000000949e-08
-7.560000000000000198e-08
-7.550000000000000770e-08
-7.540000000000000019e-08
-7.530000000000000591e-08
-7.520000000000001163e-08
-7.510000000000000412e-08
-7.500000000000000984e-08
-7.490000000000000233e-08
-7.480000000000000805e-08
-7.470000000000000054e-08
-7.460000000000000626e-08
-7.450000000000001198e-08
-7.440000000000000447e-08
-7.430000000000001019e-08
-7.420000000000000268e-08
-7.410000000000000840e-08
-7.400000000000000089e-08
-7.390000000000000661e-08
-7.379999999999999910e-08
-7.370000000000000482e-08
-7.360000000000001054e-08
-7.350000000000000303e-08
-7.340000000000000875e-08
-7.330000000000000124e-08
-7.320000000000000696e-08
-7.309999999999999944e-08
-7.300000000000000517e-08
-7.290000000000001089e-08
-7.280000000000000338e-08
-7.270000000000000910e-08
-7.260000000000000159e-08
-7.250000000000000731e-08
-7.239999999999999979e-08
-7.230000000000000552e-08
-7.220000000000001124e-08
-7.210000000000000373e-08
-7.200000000000000945e-08
-7.190000000000000193e-08
-7.180000000000000766e-08
-7.170000000000000014e-08
-7.160000000000000587e-08
-7.150000000000001159e-08
-7.140000000000000407e-08
-7.130000000000000980e-08
-7.120000000000000228e-08
-7.110000000000000801e-08
-7.100000000000000049e-08
-7.090000000000000621e-08
-7.079999999999999870e-08
-7.070000000000000442e-08
-7.060000000000001015e-08
-7.050000000000000263e-08
-7.040000000000000836e-08
-7.030000000000000084e-08
-7.020000000000000656e-08
-7.009999999999999905e-08
-7.000000000000000477e-08
-6.990000000000001050e-08
-6.980000000000000298e-08
-6.970000000000000870e-08
-6.960000000000000119e-08
-6.950000000000000691e-08
-6.939999999999999940e-08
-6.930000000000000512e-08
-6.920000000000001084e-08
-6.910000000000000333e-08
-6.900000000000000905e-08
-6.890000000000000154e-08
-6.880000000000000726e-08
-6.869999999999999975e-08
-6.860000000000000547e-08
-6.850000000000001119e-08
-6.840000000000000368e-08
-6.830000000000000940e-08
-6.820000000000000189e-08
-6.810000000000000761e-08
-6.800000000000000010e-08
-6.790000000000000582e-08
-6.780000000000001154e-08
-6.770000000000000403e-08
-6.760000000000000975e-08
-6.750000000000000224e-08
-6.740000000000000796e-08
-6.730000000000000045e-08
-6.720000000000000617e-08
-6.710000000000001189e-08
-6.700000000000000438e-08
-6.690000000000001010e-08
-6.680000000000000259e-08
-6.670000000000000831e-08
-6.660000000000000080e-08
-6.650000000000000652e-08
-6.640000000000001224e-08
-6.630000000000000473e-08
-6.620000000000001045e-08
-6.610000000000000294e-08
-6.600000000000000866e-08
-6.590000000000000115e-08
-6.580000000000000687e-08
-6.570000000000001259e-08
-6.560000000000000508e-08
-6.550000000000001080e-08
-6.540000000000000329e-08
-6.530000000000000901e-08
-6.520000000000000150e-08
-6.510000000000000722e-08
-6.499999999999999971e-08
-6.490000000000000543e-08
-6.479999999999999791e-08
-6.470000000000000364e-08
-6.460000000000000936e-08
-6.450000000000000185e-08
-6.440000000000000757e-08
-6.430000000000000005e-08
-6.420000000000000578e-08
-6.409999999999999826e-08
-6.400000000000000399e-08
-6.390000000000000971e-08
-6.380000000000000220e-08
-6.370000000000000792e-08
-6.360000000000000040e-08
-6.350000000000000613e-08
-6.339999999999999861e-08
-6.330000000000000434e-08
-6.320000000000001006e-08
-6.310000000000000254e-08
-6.300000000000000827e-08
-6.290000000000000075e-08
-6.280000000000000648e-08
-6.269999999999999896e-08
-6.260000000000000468e-08
-6.250000000000001041e-08
-6.240000000000000289e-08
-6.230000000000000862e-08
-6.220000000000000110e-08
-6.210000000000000682e-08
-6.199999999999999931e-08
-6.190000000000000503e-08
-6.180000000000001076e-08
-6.170000000000000324e-08
-6.160000000000000897e-08
-6.150000000000000145e-08
-6.140000000000000717e-08
-6.129999999999999966e-08
-6.120000000000000538e-08
-6.110000000000001111e-08
-6.100000000000000359e-08
-6.090000000000000931e-08
-6.080000000000000180e-08
-6.070000000000000752e-08
-6.060000000000000001e-08
-6.050000000000000573e-08
-6.040000000000001145e-08
-6.030000000000000394e-08
-6.020000000000000966e-08
-6.010000000000000215e-08
-6.000000000000000787e-08
-5.990000000000000036e-08
-5.980000000000000608e-08
-5.970000000000001180e-08
-5.960000000000000429e-08
-5.950000000000000340e-08
-5.940000000000000250e-08
-5.930000000000000822e-08
-5.920000000000000071e-08
-5.910000000000000643e-08
-5.900000000000000554e-08
-5.890000000000000464e-08
-5.880000000000000374e-08
-5.870000000000000285e-08
-5.860000000000000857e-08
-5.850000000000000106e-08
-5.840000000000000678e-08
-5.830000000000000589e-08
-5.820000000000000499e-08
-5.810000000000000409e-08
-5.800000000000000320e-08
-5.790000000000000892e-08
-5.780000000000000141e-08
-5.770000000000000713e-08
-5.760000000000000623e-08
-5.750000000000000534e-08
-5.740000000000000444e-08
-5.730000000000000355e-08
-5.720000000000000927e-08
-5.710000000000000176e-08
-5.700000000000000748e-08
-5.689999999999999997e-08
-5.680000000000000569e-08
-5.670000000000000479e-08
-5.660000000000000390e-08
-5.650000000000000962e-08
-5.640000000000000211e-08
-5.630000000000000783e-08
-5.620000000000000032e-08
-5.610000000000000604e-08
-5.600000000000000514e-08
-5.590000000000000425e-08
-5.580000000000000335e-08
-5.570000000000000246e-08
-5.560000000000000818e-08
-5.550000000000000066e-08
-5.540000000000000639e-08
-5.530000000000000549e-08
-5.520000000000000460e-08
-5.510000000000000370e-08
-5.500000000000000281e-08
-5.490000000000000853e-08
-5.480000000000000101e-08
-5.470000000000000674e-08
-5.460000000000000584e-08
-5.450000000000000495e-08
-5.440000000000000405e-08
-5.430000000000000315e-08
-5.420000000000000888e-08
-5.410000000000000136e-08
-5.400000000000000709e-08
-5.390000000000000619e-08
-5.380000000000000529e-08
-5.370000000000000440e-08
-5.360000000000000350e-08
-5.350000000000000923e-08
-5.340000000000000171e-08
-5.330000000000000743e-08
-5.319999999999999992e-08
-5.310000000000000564e-08
-5.300000000000000475e-08
-5.290000000000000385e-08
-5.280000000000000958e-08
-5.270000000000000206e-08
-5.260000000000000778e-08
-5.250000000000000027e-08
-5.240000000000000599e-08
-5.230000000000000510e-08
-5.220000000000000420e-08
-5.210000000000000331e-08
-5.200000000000000241e-08
-5.190000000000000813e-08
-5.180000000000000062e-08
-5.170000000000000634e-08
-5.160000000000000545e-08
-5.150000000000000455e-08
-5.140000000000000366e-08
-5.130000000000000276e-08
-5.120000000000000848e-08
-5.110000000000000097e-08
-5.100000000000000669e-08
-5.090000000000000580e-08
-5.080000000000000490e-08
-5.070000000000000401e-08
-5.060000000000000311e-08
-5.050000000000000883e-08
-5.040000000000000132e-08
-5.030000000000000704e-08
-5.020000000000000615e-08
-5.010000000000000525e-08
-5.000000000000000435e-08
-4.990000000000000346e-08
-4.980000000000000918e-08
-4.970000000000000167e-08
-4.960000000000000739e-08
-4.949999999999999988e-08
-4.940000000000000560e-08
-4.930000000000000470e-08
-4.920000000000000381e-08
-4.910000000000000953e-08
-4.900000000000000202e-08
-4.890000000000000774e-08
-4.880000000000000023e-08
-4.870000000000000595e-08
-4.860000000000000505e-08
-4.850000000000000416e-08
-4.840000000000000326e-08
-4.830000000000000237e-08
-4.820000000000000809e-08
-4.810000000000000058e-08
-4.800000000000000630e-08
-4.790000000000000540e-08
-4.780000000000000451e-08
-4.770000000000000361e-08
-4.760000000000000272e-08
-4.750000000000000844e-08
-4.740000000000000093e-08
-4.730000000000000665e-08
-4.720000000000000575e-08
-4.710000000000000486e-08
-4.700000000000000396e-08
-4.690000000000000307e-08
-4.680000000000000879e-08
-4.670000000000000127e-08
-4.660000000000000700e-08
-4.650000000000000610e-08
-4.640000000000000521e-08
-4.630000000000000431e-08
-4.620000000000000342e-08
-4.610000000000000252e-08
-4.600000000000000162e-08
-4.590000000000000735e-08
-4.580000000000000645e-08
-4.570000000000000556e-08
-4.560000000000000466e-08
-4.550000000000000376e-08
-4.540000000000000287e-08
-4.530000000000000197e-08
-4.520000000000000770e-08
-4.510000000000000680e-08
-4.500000000000000590e-08
-4.490000000000000501e-08
-4.480000000000000411e-08
-4.470000000000000322e-08
-4.460000000000000232e-08
-4.450000000000000143e-08
-4.440000000000000715e-08
-4.430000000000000625e-08
-4.420000000000000536e-08
-4.410000000000000446e-08
-4.400000000000000357e-08
-4.390000000000000267e-08
-4.380000000000000178e-08
-4.370000000000000750e-08
-4.360000000000000660e-08
-4.350000000000000571e-08
-4.340000000000000481e-08
-4.330000000000000392e-08
-4.320000000000000302e-08
-4.310000000000000213e-08
-4.300000000000000123e-08
-4.290000000000000695e-08
-4.280000000000000606e-08
-4.270000000000000516e-08
-4.260000000000000427e-08
-4.250000000000000337e-08
-4.240000000000000248e-08
-4.230000000000000158e-08
-4.220000000000000730e-08
-4.210000000000000641e-08
-4.200000000000000551e-08
-4.190000000000000462e-08
-4.180000000000000372e-08
-4.170000000000000282e-08
-4.160000000000000193e-08
-4.150000000000000103e-08
-4.140000000000000676e-08
-4.130000000000000586e-08
-4.120000000000000496e-08
-4.110000000000000407e-08
-4.100000000000000317e-08
-4.090000000000000228e-08
-4.080000000000000138e-08
-4.070000000000000711e-08
-4.060000000000000621e-08
-4.050000000000000531e-08
-4.040000000000000442e-08
-4.030000000000000352e-08
-4.020000000000000263e-08
-4.010000000000000173e-08
-4.000000000000000745e-08
-3.990000000000000656e-08
-3.980000000000000566e-08
-3.970000000000000477e-08
-3.960000000000000387e-08
-3.950000000000000298e-08
-3.940000000000000208e-08
-3.930000000000000119e-08
-3.920000000000000691e-08
-3.910000000000000601e-08
-3.900000000000000512e-08
-3.890000000000000422e-08
-3.880000000000000333e-08
-3.870000000000000243e-08
-3.860000000000000154e-08
-3.850000000000000726e-08
-3.840000000000000636e-08
-3.830000000000000547e-08
-3.820000000000000457e-08
-3.810000000000000368e-08
-3.800000000000000278e-08
-3.790000000000000188e-08
-3.780000000000000099e-08
-3.770000000000000671e-08
-3.760000000000000582e-08
-3.750000000000000492e-08
-3.740000000000000403e-08
-3.730000000000000313e-08
-3.720000000000000223e-08
-3.710000000000000134e-08
-3.700000000000000706e-08
-3.690000000000000617e-08
-3.680000000000000527e-08
-3.670000000000000437e-08
-3.660000000000000348e-08
-3.650000000000000258e-08
-3.640000000000000169e-08
-3.630000000000000741e-08
-3.620000000000000651e-08
-3.610000000000000562e-08
-3.600000000000000472e-08
-3.590000000000000383e-08
-3.580000000000000293e-08
-3.570000000000000204e-08
-3.560000000000000114e-08
-3.550000000000000686e-08
-3.540000000000000597e-08
-3.530000000000000507e-08
-3.520000000000000418e-08
-3.510000000000000328e-08
-3.500000000000000239e-08
-3.490000000000000149e-08
-3.480000000000000721e-08
-3.470000000000000632e-08
-3.460000000000000542e-08
-3.450000000000000453e-08
-3.440000000000000363e-08
-3.430000000000000274e-08
-3.420000000000000184e-08
-3.410000000000000095e-08
-3.400000000000000667e-08
-3.390000000000000577e-08
-3.380000000000000488e-08
-3.370000000000000398e-08
-3.360000000000000309e-08
-3.350000000000000219e-08
-3.340000000000000129e-08
-3.330000000000000702e-08
-3.320000000000000612e-08
-3.310000000000000523e-08
-3.300000000000000433e-08
-3.290000000000000343e-08
-3.280000000000000254e-08
-3.270000000000000164e-08
-3.260000000000000075e-08
-3.250000000000000647e-08
-3.240000000000000557e-08
-3.230000000000000468e-08
-3.220000000000000378e-08
-3.210000000000000289e-08
-3.200000000000000199e-08
-3.190000000000000110e-08
-3.180000000000000682e-08
-3.170000000000000592e-08
-3.160000000000000503e-08
-3.150000000000000413e-08
-3.140000000000000324e-08
-3.130000000000000234e-08
-3.120000000000000145e-08
-3.110000000000000717e-08
-3.100000000000000627e-08
-3.090000000000000538e-08
-3.080000000000000448e-08
-3.070000000000000359e-08
-3.060000000000000269e-08
-3.050000000000000180e-08
-3.040000000000000090e-08
-3.030000000000000662e-08
-3.020000000000000573e-08
-3.010000000000000483e-08
-3.000000000000000394e-08
-2.990000000000000304e-08
-2.980000000000000215e-08
-2.970000000000000125e-08
-2.960000000000000697e-08
-2.950000000000000608e-08
-2.940000000000000518e-08
-2.930000000000000429e-08
-2.920000000000000339e-08
-2.910000000000000249e-08
-2.900000000000000160e-08
-2.890000000000000070e-08
-2.880000000000000643e-08
-2.870000000000000553e-08
-2.860000000000000464e-08
-2.850000000000000374e-08
-2.840000000000000284e-08
-2.830000000000000195e-08
-2.820000000000000105e-08
-2.810000000000000678e-08
-2.800000000000000588e-08
-2.790000000000000498e-08
-2.780000000000000409e-08
-2.770000000000000319e-08
-2.760000000000000230e-08
-2.750000000000000140e-08
-2.740000000000000051e-08
-2.730000000000000623e-08
-2.720000000000000533e-08
-2.710000000000000444e-08
-2.700000000000000354e-08
-2.690000000000000265e-08
-2.680000000000000175e-08
-2.670000000000000086e-08
-2.660000000000000658e-08
-2.650000000000000568e-08
-2.640000000000000479e-08
-2.630000000000000389e-08
-2.620000000000000300e-08
-2.610000000000000210e-08
-2.600000000000000121e-08
-2.590000000000000693e-08
-2.580000000000000603e-08
-2.570000000000000514e-08
-2.560000000000000424e-08
-2.550000000000000335e-08
-2.540000000000000245e-08
-2.530000000000000156e-08
-2.520000000000000066e-08
-2.510000000000000638e-08
-2.500000000000000549e-08
-2.490000000000000459e-08
-2.480000000000000370e-08
-2.470000000000000280e-08
-2.460000000000000190e-08
-2.450000000000000101e-08
-2.440000000000000673e-08
-2.430000000000000584e-08
-2.420000000000000494e-08
-2.410000000000000404e-08
-2.400000000000000315e-08
-2.390000000000000225e-08
-2.380000000000000136e-08
-2.370000000000000046e-08
-2.360000000000000618e-08
-2.350000000000000529e-08
-2.340000000000000439e-08
-2.330000000000000350e-08
-2.320000000000000260e-08
-2.310000000000000171e-08
-2.300000000000000081e-08
-2.290000000000000653e-08
-2.280000000000000564e-08
-2.270000000000000474e-08
-2.260000000000000385e-08
-2.250000000000000295e-08
-2.240000000000000206e-08
-2.230000000000000116e-08
-2.220000000000000688e-08
-2.210000000000000599e-08
-2.200000000000000509e-08
-2.190000000000000420e-08
-2.180000000000000330e-08
-2.170000000000000241e-08
-2.160000000000000151e-08
-2.150000000000000062e-08
-2.140000000000000634e-08
-2.130000000000000544e-08
-2.120000000000000455e-08
-2.110000000000000365e-08
-2.100000000000000276e-08
-2.090000000000000186e-08
-2.080000000000000096e-08
-2.070000000000000669e-08
-2.060000000000000579e-08
-2.050000000000000490e-08
-2.040000000000000400e-08
-2.030000000000000310e-08
-2.020000000000000221e-08
-2.010000000000000131e-08
-2.000000000000000042e-08
-1.990000000000000614e-08
-1.980000000000000525e-08
-1.970000000000000435e-08
-1.960000000000000345e-08
-1.950000000000000256e-08
-1.940000000000000166e-08
-1.930000000000000077e-08
-1.920000000000000649e-08
-1.910000000000000559e-08
-1.900000000000000470e-08
-1.890000000000000380e-08
-1.880000000000000291e-08
-1.870000000000000201e-08
-1.860000000000000112e-08
-1.850000000000000022e-08
-1.840000000000000594e-08
-1.830000000000000505e-08
-1.820000000000000415e-08
-1.810000000000000326e-08
-1.800000000000000236e-08
-1.790000000000000147e-08
-1.780000000000000057e-08
-1.770000000000000629e-08
-1.760000000000000540e-08
-1.750000000000000450e-08
-1.740000000000000361e-08
-1.730000000000000271e-08
-1.720000000000000182e-08
-1.710000000000000092e-08
-1.700000000000000664e-08
-1.690000000000000575e-08
-1.680000000000000485e-08
-1.670000000000000396e-08
-1.660000000000000306e-08
-1.650000000000000217e-08
-1.640000000000000127e-08
-1.630000000000000699e-08
-1.619999999999999948e-08
-1.610000000000000520e-08
-1.599999999999999769e-08
-1.590000000000000341e-08
-1.580000000000000913e-08
-1.570000000000000162e-08
-1.560000000000000734e-08
-1.549999999999999983e-08
-1.540000000000000555e-08
-1.529999999999999804e-08
-1.520000000000000376e-08
-1.510000000000000948e-08
-1.500000000000000197e-08
-1.490000000000000769e-08
-1.480000000000000018e-08
-1.470000000000000590e-08
-1.459999999999999839e-08
-1.450000000000000411e-08
-1.440000000000000983e-08
-1.430000000000000232e-08
-1.420000000000000804e-08
-1.410000000000000053e-08
-1.400000000000000625e-08
-1.389999999999999874e-08
-1.380000000000000446e-08
-1.369999999999999694e-08
-1.360000000000000267e-08
-1.350000000000000839e-08
-1.340000000000000088e-08
-1.330000000000000660e-08
-1.319999999999999909e-08
-1.310000000000000481e-08
-1.299999999999999729e-08
-1.290000000000000302e-08
-1.280000000000000874e-08
-1.270000000000000123e-08
-1.260000000000000695e-08
-1.249999999999999943e-08
-1.240000000000000516e-08
-1.229999999999999764e-08
-1.220000000000000337e-08
-1.210000000000000909e-08
-1.200000000000000157e-08
-1.190000000000000730e-08
-1.179999999999999978e-08
-1.170000000000000551e-08
-1.159999999999999799e-08
-1.150000000000000371e-08
-1.140000000000000944e-08
-1.130000000000000192e-08
-1.120000000000000765e-08
-1.110000000000000013e-08
-1.100000000000000585e-08
-1.089999999999999834e-08
-1.080000000000000406e-08
-1.070000000000000979e-08
-1.060000000000000227e-08
-1.050000000000000800e-08
-1.040000000000000048e-08
-1.030000000000000620e-08
-1.019999999999999869e-08
-1.010000000000000441e-08
-9.999999999999996901e-09
-9.900000000000002623e-09
-9.800000000000008344e-09
-9.700000000000000832e-09
-9.600000000000006554e-09
-9.499999999999999041e-09
-9.400000000000004763e-09
-9.299999999999997250e-09
-9.200000000000002972e-09
-9.100000000000008694e-09
-9.000000000000001181e-09
-8.900000000000006903e-09
-8.799999999999999390e-09
-8.700000000000005112e-09
-8.599999999999997599e-09
-8.500000000000003321e-09
-8.400000000000009043e-09
-8.300000000000001530e-09
-8.200000000000007252e-09
-8.099999999999999739e-09
-8.000000000000005461e-09
-7.899999999999997948e-09
-7.800000000000003670e-09
-7.700000000000009392e-09
-7.600000000000001880e-09
-7.500000000000007602e-09
-7.400000000000000089e-09
-7.300000000000005811e-09
-7.199999999999998298e-09
-7.100000000000004020e-09
-6.999999999999996507e-09
-6.900000000000002229e-09
-6.800000000000007951e-09
-6.700000000000000438e-09
-6.600000000000006160e-09
-6.499999999999998647e-09
-6.400000000000004369e-09
-6.299999999999996856e-09
-6.200000000000002578e-09
-6.100000000000008300e-09
-6.000000000000000787e-09
-5.900000000000006509e-09
-5.799999999999998996e-09
-5.700000000000004718e-09
-5.599999999999997205e-09
-5.500000000000002927e-09
-5.400000000000008649e-09
-5.300000000000001137e-09
-5.200000000000006859e-09
-5.099999999999999346e-09
-5.000000000000005068e-09
-4.899999999999997555e-09
-4.800000000000003277e-09
-4.700000000000008999e-09
-4.600000000000001486e-09
-4.500000000000007208e-09
-4.399999999999999695e-09
-4.300000000000005417e-09
-4.199999999999997904e-09
-4.100000000000003626e-09
-4.000000000000009348e-09
-3.900000000000001835e-09
-3.800000000000007557e-09
-3.700000000000000044e-09
-3.600000000000005766e-09
-3.499999999999998253e-09
-3.400000000000003975e-09
-3.299999999999996463e-09
-3.200000000000002185e-09
-3.100000000000007907e-09
-3.000000000000000394e-09
-2.900000000000006116e-09
-2.799999999999998603e-09
-2.700000000000004325e-09
-2.599999999999996812e-09
-2.500000000000002534e-09
-2.400000000000008256e-09
-2.300000000000000743e-09
-2.200000000000006465e-09
-2.099999999999998952e-09
-2.000000000000004674e-09
-1.899999999999997161e-09
-1.800000000000002883e-09
-1.700000000000008605e-09
-1.600000000000001092e-09
-1.500000000000006814e-09
-1.399999999999999301e-09
-1.300000000000005023e-09
-1.199999999999997510e-09
-1.100000000000003232e-09
-1.000000000000008954e-09
-9.000000000000014416e-10
-8.000000000000071636e-10
-6.999999999999996507e-10
-6.000000000000053727e-10
-4.999999999999978598e-10
-4.000000000000035818e-10
-3.000000000000093038e-10
-2.000000000000017909e-10
-1.000000000000075129e-10
0.000000000000000000e+00
9.999999999999427800e-11
2.000000000000017909e-10
2.999999999999960689e-10
4.000000000000035818e-10
4.999999999999978598e-10
5.999999999999921378e-10
6.999999999999996507e-10
7.999999999999939287e-10
9.000000000000014416e-10
9.999999999999957196e-10
1.100000000000003232e-09
1.199999999999997510e-09
1.299999999999991788e-09
1.399999999999999301e-09
1.499999999999993579e-09
1.600000000000001092e-09
1.699999999999995370e-09
1.800000000000002883e-09
1.899999999999997161e-09
1.999999999999991439e-09
2.099999999999998952e-09
2.199999999999993230e-09
2.300000000000000743e-09
2.399999999999995021e-09
2.500000000000002534e-09
2.599999999999996812e-09
2.699999999999991090e-09
2.799999999999998603e-09
2.899999999999992881e-09
3.000000000000000394e-09
3.099999999999994672e-09
3.200000000000002185e-09
3.299999999999996463e-09
3.399999999999990741e-09
3.499999999999998253e-09
3.599999999999992531e-09
3.700000000000000044e-09
3.799999999999994322e-09
3.900000000000001835e-09
3.999999999999996113e-09
4.100000000000003626e-09
4.199999999999997904e-09
4.299999999999992182e-09
4.399999999999999695e-09
4.499999999999993973e-09
4.600000000000001486e-09
4.699999999999995764e-09
4.800000000000003277e-09
4.899999999999997555e-09
4.999999999999991833e-09
5.099999999999999346e-09
5.199999999999993624e-09
5.300000000000001137e-09
5.399999999999995415e-09
5.500000000000002927e-09
5.599999999999997205e-09
5.699999999999991483e-09
5.799999999999998996e-09
5.899999999999993274e-09
6.000000000000000787e-09
6.099999999999995065e-09
6.200000000000002578e-09
6.299999999999996856e-09
6.399999999999991134e-09
6.499999999999998647e-09
6.599999999999992925e-09
6.700000000000000438e-09
6.799999999999994716e-09
6.900000000000002229e-09
6.999999999999996507e-09
7.100000000000004020e-09
7.199999999999998298e-09
7.299999999999992576e-09
7.400000000000000089e-09
7.499999999999994367e-09
7.600000000000001880e-09
7.699999999999996158e-09
7.800000000000003670e-09
7.899999999999997948e-09
7.999999999999992226e-09
8.099999999999999739e-09
8.199999999999994017e-09
8.300000000000001530e-09
8.399999999999995808e-09
8.500000000000003321e-09
8.599999999999997599e-09
8.699999999999991877e-09
8.799999999999999390e-09
8.899999999999993668e-09
9.000000000000001181e-09
9.099999999999995459e-09
9.200000000000002972e-09
9.299999999999997250e-09
9.399999999999991528e-09
9.499999999999999041e-09
9.599999999999993319e-09
9.700000000000000832e-09
9.799999999999995110e-09
9.900000000000002623e-09
9.999999999999996901e-09
1.009999999999999118e-08
1.019999999999999869e-08
1.029999999999999297e-08
1.040000000000000048e-08
1.049999999999999476e-08
1.060000000000000227e-08
1.069999999999999655e-08
1.080000000000000406e-08
1.089999999999999834e-08
1.099999999999999262e-08
1.110000000000000013e-08
1.119999999999999441e-08
1.130000000000000192e-08
1.139999999999999620e-08
1.150000000000000371e-08
1.159999999999999799e-08
1.169999999999999227e-08
1.179999999999999978e-08
1.189999999999999406e-08
1.200000000000000157e-08
1.209999999999999585e-08
1.220000000000000337e-08
1.229999999999999764e-08
1.239999999999999192e-08
1.249999999999999943e-08
1.259999999999999371e-08
1.270000000000000123e-08
1.279999999999999550e-08
1.290000000000000302e-08
1.299999999999999729e-08
1.309999999999999157e-08
1.319999999999999909e-08
1.329999999999999336e-08
1.340000000000000088e-08
1.349999999999999515e-08
1.360000000000000267e-08
1.369999999999999694e-08
1.379999999999999122e-08
1.389999999999999874e-08
1.399999999999999301e-08
1.410000000000000053e-08
1.419999999999999480e-08
1.430000000000000232e-08
1.439999999999999660e-08
1.450000000000000411e-08
1.459999999999999839e-08
1.469999999999999266e-08
1.480000000000000018e-08
1.489999999999999446e-08
1.500000000000000197e-08
1.509999999999999625e-08
1.520000000000000376e-08
1.529999999999999804e-08
1.539999999999999232e-08
1.549999999999999983e-08
1.559999999999999411e-08
1.570000000000000162e-08
1.579999999999999590e-08
1.590000000000000341e-08
1.599999999999999769e-08
1.609999999999999197e-08
1.619999999999999948e-08
1.629999999999999376e-08
1.640000000000000127e-08
1.649999999999999555e-08
1.660000000000000306e-08
1.669999999999999734e-08
1.679999999999999162e-08
1.689999999999999913e-08
1.699999999999999341e-08
1.710000000000000092e-08
1.719999999999999520e-08
1.730000000000000271e-08
1.739999999999999699e-08
1.749999999999999127e-08
1.759999999999999878e-08
1.769999999999999306e-08
1.780000000000000057e-08
1.789999999999999485e-08
1.800000000000000236e-08
1.809999999999999664e-08
1.820000000000000415e-08
1.829999999999999843e-08
1.839999999999999271e-08
1.850000000000000022e-08
1.859999999999999450e-08
1.870000000000000201e-08
1.879999999999999629e-08
1.890000000000000380e-08
1.899999999999999808e-08
1.909999999999999236e-08
1.919999999999999987e-08
1.929999999999999415e-08
1.940000000000000166e-08
1.949999999999999594e-08
1.960000000000000345e-08
1.969999999999999773e-08
1.979999999999999201e-08
1.989999999999999952e-08
1.999999999999999380e-08
2.010000000000000131e-08
2.019999999999999559e-08
2.030000000000000310e-08
2.039999999999999738e-08
2.049999999999999166e-08
2.059999999999999917e-08
2.069999999999999345e-08
2.080000000000000096e-08
2.089999999999999524e-08
2.100000000000000276e-08
2.109999999999999703e-08
2.120000000000000455e-08
2.129999999999999882e-08
2.139999999999999310e-08
2.150000000000000062e-08
2.159999999999999489e-08
2.170000000000000241e-08
2.179999999999999668e-08
2.190000000000000420e-08
2.199999999999999848e-08
2.209999999999999275e-08
2.220000000000000027e-08
2.229999999999999454e-08
2.240000000000000206e-08
2.249999999999999633e-08
2.260000000000000385e-08
2.269999999999999813e-08
2.279999999999999240e-08
2.289999999999999992e-08
2.299999999999999419e-08
2.310000000000000171e-08
2.319999999999999599e-08
2.330000000000000350e-08
2.339999999999999778e-08
2.349999999999999205e-08
2.359999999999999957e-08
2.369999999999999385e-08
2.380000000000000136e-08
2.389999999999999564e-08
2.400000000000000315e-08
2.409999999999999743e-08
2.419999999999999171e-08
2.429999999999999922e-08
2.439999999999999350e-08
2.450000000000000101e-08
2.459999999999999529e-08
2.470000000000000280e-08
2.479999999999999708e-08
2.490000000000000459e-08
2.499999999999999887e-08
2.509999999999999315e-08
2.520000000000000066e-08
2.529999999999999494e-08
2.540000000000000245e-08
2.549999999999999673e-08
2.560000000000000424e-08
2.569999999999999852e-08
2.579999999999999280e-08
2.590000000000000031e-08
2.599999999999999459e-08
2.610000000000000210e-08
2.619999999999999638e-08
2.630000000000000389e-08
2.639999999999999817e-08
2.649999999999999245e-08
2.659999999999999996e-08
2.669999999999999424e-08
2.680000000000000175e-08
2.689999999999999603e-08
2.700000000000000354e-08
2.709999999999999782e-08
2.719999999999999210e-08
2.729999999999999961e-08
2.739999999999999389e-08
2.750000000000000140e-08
2.759999999999999568e-08
2.770000000000000319e-08
2.779999999999999747e-08
2.789999999999999175e-08
2.799999999999999926e-08
2.809999999999999354e-08
2.820000000000000105e-08
2.829999999999999533e-08
2.840000000000000284e-08
2.849999999999999712e-08
2.860000000000000464e-08
2.869999999999999891e-08
2.879999999999999319e-08
2.890000000000000070e-08
2.899999999999999498e-08
2.910000000000000249e-08
2.919999999999999677e-08
2.930000000000000429e-08
2.939999999999999856e-08
2.949999999999999284e-08
2.960000000000000035e-08
2.969999999999999463e-08
2.980000000000000215e-08
2.989999999999999642e-08
3.000000000000000394e-08
3.009999999999999821e-08
3.019999999999999249e-08
3.030000000000000001e-08
3.039999999999999428e-08
3.050000000000000180e-08
3.059999999999999607e-08
3.070000000000000359e-08
3.079999999999999787e-08
3.089999999999999214e-08
3.099999999999999966e-08
3.109999999999999393e-08
3.120000000000000145e-08
3.129999999999999572e-08
3.140000000000000324e-08
3.149999999999999752e-08
3.159999999999999179e-08
3.169999999999999931e-08
3.179999999999999358e-08
3.190000000000000110e-08
3.199999999999999538e-08
3.210000000000000289e-08
3.219999999999999717e-08
3.230000000000000468e-08
3.239999999999999896e-08
3.249999999999999324e-08
3.260000000000000075e-08
3.269999999999999503e-08
3.280000000000000254e-08
3.289999999999999682e-08
3.300000000000000433e-08
3.309999999999999861e-08
3.319999999999999289e-08
3.330000000000000040e-08
3.339999999999999468e-08
3.350000000000000219e-08
3.359999999999999647e-08
3.370000000000000398e-08
3.379999999999999826e-08
3.389999999999999254e-08
3.400000000000000005e-08
3.409999999999999433e-08
3.420000000000000184e-08
3.429999999999999612e-08
3.440000000000000363e-08
3.449999999999999791e-08
3.459999999999999219e-08
3.469999999999999970e-08
3.479999999999999398e-08
3.490000000000000149e-08
3.499999999999999577e-08
3.510000000000000328e-08
3.519999999999999756e-08
3.530000000000000507e-08
3.539999999999999935e-08
3.549999999999999363e-08
3.560000000000000114e-08
3.569999999999999542e-08
3.580000000000000293e-08
3.589999999999999721e-08
3.600000000000000472e-08
3.609999999999999900e-08
3.619999999999999328e-08
3.630000000000000079e-08
3.639999999999999507e-08
3.650000000000000258e-08
3.659999999999999686e-08
3.670000000000000437e-08
3.679999999999999865e-08
3.689999999999999293e-08
3.700000000000000044e-08
3.709999999999999472e-08
3.720000000000000223e-08
3.729999999999999651e-08
3.740000000000000403e-08
3.749999999999999830e-08
3.759999999999999258e-08
3.770000000000000009e-08
3.779999999999999437e-08
3.790000000000000188e-08
3.799999999999999616e-08
3.810000000000000368e-08
3.819999999999999795e-08
3.829999999999999223e-08
3.839999999999999974e-08
3.849999999999999402e-08
3.860000000000000154e-08
3.869999999999999581e-08
3.880000000000000333e-08
3.889999999999999760e-08
3.900000000000000512e-08
3.909999999999999940e-08
3.919999999999999367e-08
3.930000000000000119e-08
3.939999999999999546e-08
3.950000000000000298e-08
3.959999999999999726e-08
3.970000000000000477e-08
3.979999999999999905e-08
3.989999999999999332e-08
4.000000000000000084e-08
4.009999999999999511e-08
4.020000000000000263e-08
4.029999999999999691e-08
4.040000000000000442e-08
4.049999999999999870e-08
4.059999999999999297e-08
4.070000000000000049e-08
4.079999999999999477e-08
4.090000000000000228e-08
4.099999999999999656e-08
4.110000000000000407e-08
4.119999999999999835e-08
4.129999999999999263e-08
4.140000000000000014e-08
4.149999999999999442e-08
4.160000000000000193e-08
4.169999999999999621e-08
4.180000000000000372e-08
4.189999999999999800e-08
4.199999999999999228e-08
4.209999999999999979e-08
4.219999999999999407e-08
4.230000000000000158e-08
4.239999999999999586e-08
4.250000000000000337e-08
4.259999999999999765e-08
4.270000000000000516e-08
4.279999999999999944e-08
4.289999999999999372e-08
4.300000000000000123e-08
4.309999999999999551e-08
4.320000000000000302e-08
4.330000000000001053e-08
4.339999999999999158e-08
4.349999999999999909e-08
4.360000000000000660e-08
4.369999999999998765e-08
4.379999999999999516e-08
4.390000000000000267e-08
4.400000000000001019e-08
4.409999999999999123e-08
4.419999999999999874e-08
4.430000000000000625e-08
4.439999999999998730e-08
4.449999999999999481e-08
4.460000000000000232e-08
4.470000000000000984e-08
4.479999999999999088e-08
4.489999999999999839e-08
4.500000000000000590e-08
4.509999999999998695e-08
4.519999999999999446e-08
4.530000000000000197e-08
4.540000000000000949e-08
4.549999999999999053e-08
4.559999999999999804e-08
4.570000000000000556e-08
4.579999999999998660e-08
4.589999999999999411e-08
4.600000000000000162e-08
4.610000000000000914e-08
4.619999999999999018e-08
4.629999999999999769e-08
4.640000000000000521e-08
4.649999999999998625e-08
4.659999999999999376e-08
4.670000000000000127e-08
4.680000000000000879e-08
4.689999999999998983e-08
4.699999999999999734e-08
4.710000000000000486e-08
4.719999999999998590e-08
4.729999999999999341e-08
4.740000000000000093e-08
4.750000000000000844e-08
4.759999999999998948e-08
4.769999999999999699e-08
4.780000000000000451e-08
4.790000000000001202e-08
4.799999999999999306e-08
4.810000000000000058e-08
4.820000000000000809e-08
4.829999999999998913e-08
4.839999999999999665e-08
4.850000000000000416e-08
4.860000000000001167e-08
4.869999999999999271e-08
4.880000000000000023e-08
4.890000000000000774e-08
4.899999999999998878e-08
4.909999999999999630e-08
4.920000000000000381e-08
4.930000000000001132e-08
4.939999999999999236e-08
4.949999999999999988e-08
4.960000000000000739e-08
4.969999999999998843e-08
4.979999999999999595e-08
4.990000000000000346e-08
5.000000000000001097e-08
5.009999999999999202e-08
5.019999999999999953e-08
5.030000000000000704e-08
5.039999999999998808e-08
5.049999999999999560e-08
5.060000000000000311e-08
5.070000000000001062e-08
5.079999999999999167e-08
5.089999999999999918e-08
5.100000000000000669e-08
5.109999999999998773e-08
5.119999999999999525e-08
5.130000000000000276e-08
5.140000000000001027e-08
5.149999999999999132e-08
5.159999999999999883e-08
5.170000000000000634e-08
5.179999999999998739e-08
5.189999999999999490e-08
5.200000000000000241e-08
5.210000000000000992e-08
5.219999999999999097e-08
5.229999999999999848e-08
5.240000000000000599e-08
5.249999999999998704e-08
5.259999999999999455e-08
5.270000000000000206e-08
5.280000000000000958e-08
5.289999999999999062e-08
5.299999999999999813e-08
5.310000000000000564e-08
5.319999999999998669e-08
5.329999999999999420e-08
5.340000000000000171e-08
5.350000000000000923e-08
5.359999999999999027e-08
5.369999999999999778e-08
5.380000000000000529e-08
5.389999999999998634e-08
5.399999999999999385e-08
5.410000000000000136e-08
5.420000000000000888e-08
5.429999999999998992e-08
5.439999999999999743e-08
5.450000000000000495e-08
5.459999999999998599e-08
5.469999999999999350e-08
5.480000000000000101e-08
5.490000000000000853e-08
5.499999999999998957e-08
5.509999999999999708e-08
5.520000000000000460e-08
5.530000000000001211e-08
5.539999999999999315e-08
5.550000000000000066e-08
5.560000000000000818e-08
5.569999999999998922e-08
5.579999999999999673e-08
5.590000000000000425e-08
5.600000000000001176e-08
5.609999999999999280e-08
5.620000000000000032e-08
5.630000000000000783e-08
5.639999999999998887e-08
5.649999999999999638e-08
5.660000000000000390e-08
5.670000000000001141e-08
5.679999999999999245e-08
5.689999999999999997e-08
5.700000000000000748e-08
5.709999999999998852e-08
5.719999999999999604e-08
5.730000000000000355e-08
5.740000000000001106e-08
5.749999999999999210e-08
5.759999999999999962e-08
5.770000000000000713e-08
5.779999999999998817e-08
5.789999999999999569e-08
5.800000000000000320e-08
5.810000000000001071e-08
5.819999999999999175e-08
5.829999999999999927e-08
5.840000000000000678e-08
5.849999999999998782e-08
5.859999999999999534e-08
5.870000000000000285e-08
5.880000000000001036e-08
5.889999999999999141e-08
5.899999999999999892e-08
5.910000000000000643e-08
5.919999999999998747e-08
5.929999999999999499e-08
5.940000000000000250e-08
5.950000000000001001e-08
5.959999999999999106e-08
5.969999999999999857e-08
5.980000000000000608e-08
5.989999999999998713e-08
5.999999999999999464e-08
6.010000000000000215e-08
6.020000000000000966e-08
6.029999999999999071e-08
6.039999999999999822e-08
6.050000000000000573e-08
6.059999999999998678e-08
6.069999999999999429e-08
6.080000000000000180e-08
6.090000000000000931e-08
6.099999999999999036e-08
6.109999999999999787e-08
6.120000000000000538e-08
6.129999999999998643e-08
6.139999999999999394e-08
6.150000000000000145e-08
6.160000000000000897e-08
6.169999999999999001e-08
6.179999999999999752e-08
6.190000000000000503e-08
6.200000000000001255e-08
6.209999999999999359e-08
6.220000000000000110e-08
6.230000000000000862e-08
6.239999999999998966e-08
6.249999999999999717e-08
6.260000000000000468e-08
6.270000000000001220e-08
6.279999999999999324e-08
6.290000000000000075e-08
6.300000000000000827e-08
6.309999999999998931e-08
6.319999999999999682e-08
6.330000000000000434e-08
6.340000000000001185e-08
6.349999999999999289e-08
6.360000000000000040e-08
6.370000000000000792e-08
6.379999999999998896e-08
6.389999999999999647e-08
6.400000000000000399e-08
6.410000000000001150e-08
6.419999999999999254e-08
6.430000000000000005e-08
6.440000000000000757e-08
6.449999999999998861e-08
6.459999999999999612e-08
6.470000000000000364e-08
6.480000000000001115e-08
6.489999999999999219e-08
6.499999999999999971e-08
6.510000000000000722e-08
6.519999999999998826e-08
6.529999999999999577e-08
6.540000000000000329e-08
6.550000000000001080e-08
6.559999999999999184e-08
6.569999999999999936e-08
6.580000000000000687e-08
6.589999999999998791e-08
6.599999999999999543e-08
6.610000000000000294e-08
6.620000000000001045e-08
6.629999999999999149e-08
6.639999999999999901e-08
6.650000000000000652e-08
6.659999999999998756e-08
6.669999999999999508e-08
6.680000000000000259e-08
6.690000000000001010e-08
6.699999999999999114e-08
6.709999999999999866e-08
6.720000000000000617e-08
6.729999999999998721e-08
6.739999999999999473e-08
6.750000000000000224e-08
6.760000000000000975e-08
6.769999999999999080e-08
6.779999999999999831e-08
6.790000000000000582e-08
6.799999999999998686e-08
6.809999999999999438e-08
6.820000000000000189e-08
6.830000000000000940e-08
6.839999999999999045e-08
6.849999999999999796e-08
6.860000000000000547e-08
6.869999999999998652e-08
6.879999999999999403e-08
6.890000000000000154e-08
6.900000000000000905e-08
6.909999999999999010e-08
6.919999999999999761e-08
6.930000000000000512e-08
6.940000000000001264e-08
6.949999999999999368e-08
6.960000000000000119e-08
6.970000000000000870e-08
6.979999999999998975e-08
6.989999999999999726e-08
7.000000000000000477e-08
7.010000000000001229e-08
7.019999999999999333e-08
7.030000000000000084e-08
7.040000000000000836e-08
7.049999999999998940e-08
7.059999999999999691e-08
7.070000000000000442e-08
7.080000000000001194e-08
7.089999999999999298e-08
7.100000000000000049e-08
7.110000000000000801e-08
7.119999999999998905e-08
7.129999999999999656e-08
7.140000000000000407e-08
7.150000000000001159e-08
7.159999999999999263e-08
7.170000000000000014e-08
7.180000000000000766e-08
7.189999999999998870e-08
7.199999999999999621e-08
7.210000000000000373e-08
7.220000000000001124e-08
7.229999999999999228e-08
7.239999999999999979e-08
7.250000000000000731e-08
7.259999999999998835e-08
7.269999999999999586e-08
7.280000000000000338e-08
7.290000000000001089e-08
7.299999999999999193e-08
7.309999999999999944e-08
7.320000000000000696e-08
7.329999999999998800e-08
7.339999999999999551e-08
7.350000000000000303e-08
7.360000000000001054e-08
7.369999999999999158e-08
7.379999999999999910e-08
7.390000000000000661e-08
7.399999999999998765e-08
7.409999999999999516e-08
7.420000000000000268e-08
7.430000000000001019e-08
7.439999999999999123e-08
7.449999999999999875e-08
7.460000000000000626e-08
7.469999999999998730e-08
7.479999999999999482e-08
7.490000000000000233e-08
7.500000000000000984e-08
7.509999999999999088e-08
7.519999999999999840e-08
7.530000000000000591e-08
7.539999999999998695e-08
7.549999999999999447e-08
7.560000000000000198e-08
7.570000000000000949e-08
7.579999999999999053e-08
7.589999999999999805e-08
7.600000000000000556e-08
7.610000000000001307e-08
7.619999999999999412e-08
7.630000000000000163e-08
7.640000000000000914e-08
7.649999999999999019e-08
7.659999999999999770e-08
7.670000000000000521e-08
7.680000000000001272e-08
7.689999999999999377e-08
7.700000000000000128e-08
7.710000000000000879e-08
7.719999999999998984e-08
7.729999999999999735e-08
7.740000000000000486e-08
7.750000000000001237e-08
7.759999999999999342e-08
7.770000000000000093e-08
7.780000000000000844e-08
7.789999999999998949e-08
7.799999999999999700e-08
7.810000000000000451e-08
7.820000000000001203e-08
7.829999999999999307e-08
7.840000000000000058e-08
7.850000000000000809e-08
7.859999999999998914e-08
7.869999999999999665e-08
7.880000000000000416e-08
7.890000000000001168e-08
7.899999999999999272e-08
7.910000000000000023e-08
7.920000000000000775e-08
7.929999999999998879e-08
7.939999999999999630e-08
7.950000000000000381e-08
7.960000000000001133e-08
7.969999999999999237e-08
7.979999999999999988e-08
7.990000000000000740e-08
7.999999999999998844e-08
8.009999999999999595e-08
8.020000000000000346e-08
8.030000000000001098e-08
8.039999999999999202e-08
8.049999999999999953e-08
8.060000000000000705e-08
8.069999999999998809e-08
8.079999999999999560e-08
8.090000000000000312e-08
8.100000000000001063e-08
8.109999999999999167e-08
8.119999999999999918e-08
8.130000000000000670e-08
8.139999999999998774e-08
8.149999999999999525e-08
8.160000000000000277e-08
8.170000000000001028e-08
8.179999999999999132e-08
8.189999999999999883e-08
8.200000000000000635e-08
8.209999999999998739e-08
8.219999999999999490e-08
8.230000000000000242e-08
8.240000000000000993e-08
8.249999999999999097e-08
8.259999999999999849e-08
8.270000000000000600e-08
8.279999999999998704e-08
8.289999999999999455e-08
8.300000000000000207e-08
8.310000000000000958e-08
8.319999999999999062e-08
8.329999999999999814e-08
8.340000000000000565e-08
8.350000000000001316e-08
8.359999999999999421e-08
8.370000000000000172e-08
8.380000000000000923e-08
8.389999999999999027e-08
8.399999999999999779e-08
8.410000000000000530e-08
8.420000000000001281e-08
8.429999999999999386e-08
8.440000000000000137e-08
8.450000000000000888e-08
8.459999999999998992e-08
8.469999999999999744e-08
8.480000000000000495e-08
8.490000000000001246e-08
8.499999999999999351e-08
8.510000000000000102e-08
8.520000000000000853e-08
8.529999999999998958e-08
8.539999999999999709e-08
8.550000000000000460e-08
8.560000000000001211e-08
8.569999999999999316e-08
8.580000000000000067e-08
8.590000000000000818e-08
8.599999999999998923e-08
8.609999999999999674e-08
8.620000000000000425e-08
8.630000000000001176e-08
8.639999999999999281e-08
8.650000000000000032e-08
8.660000000000000783e-08
8.669999999999998888e-08
8.679999999999999639e-08
8.690000000000000390e-08
8.700000000000001142e-08
8.709999999999999246e-08
8.719999999999999997e-08
8.730000000000000748e-08
8.739999999999998853e-08
8.749999999999999604e-08
8.760000000000000355e-08
8.770000000000001107e-08
8.779999999999999211e-08
8.789999999999999962e-08
8.800000000000000714e-08
8.809999999999998818e-08
8.819999999999999569e-08
8.830000000000000320e-08
8.840000000000001072e-08
8.849999999999999176e-08
8.859999999999999927e-08
8.870000000000000679e-08
8.879999999999998783e-08
8.889999999999999534e-08
8.900000000000000285e-08
8.910000000000001037e-08
8.919999999999999141e-08
8.929999999999999892e-08
8.940000000000000644e-08
8.949999999999998748e-08
8.959999999999999499e-08
8.970000000000000251e-08
8.980000000000001002e-08
8.989999999999999106e-08
8.999999999999999857e-08
9.010000000000000609e-08
9.020000000000001360e-08
9.029999999999999464e-08
9.040000000000000216e-08
9.050000000000000967e-08
9.059999999999999071e-08
9.069999999999999822e-08
9.080000000000000574e-08
9.090000000000001325e-08
9.099999999999999429e-08
9.110000000000000181e-08
9.120000000000000932e-08
9.129999999999999036e-08
9.139999999999999788e-08
9.150000000000000539e-08
9.160000000000001290e-08
9.169999999999999394e-08
9.180000000000000146e-08
9.190000000000000897e-08
9.199999999999999001e-08
9.209999999999999753e-08
9.220000000000000504e-08
9.230000000000001255e-08
9.239999999999999360e-08
9.250000000000000111e-08
9.260000000000000862e-08
9.269999999999998966e-08
9.279999999999999718e-08
9.290000000000000469e-08
9.300000000000001220e-08
9.309999999999999325e-08
9.320000000000000076e-08
9.330000000000000827e-08
9.339999999999998931e-08
9.349999999999999683e-08
9.360000000000000434e-08
9.370000000000001185e-08
9.379999999999999290e-08
9.390000000000000041e-08
9.400000000000000792e-08
9.409999999999998897e-08
9.419999999999999648e-08
9.430000000000000399e-08
9.440000000000001150e-08
9.449999999999999255e-08
9.460000000000000006e-08
9.470000000000000757e-08
9.479999999999998862e-08
9.489999999999999613e-08
9.500000000000000364e-08
9.510000000000001115e-08
9.519999999999999220e-08
9.529999999999999971e-08
9.540000000000000722e-08
9.549999999999998827e-08
9.559999999999999578e-08
9.570000000000000329e-08
9.580000000000001081e-08
9.589999999999999185e-08
9.599999999999999936e-08
9.610000000000000687e-08
9.619999999999998792e-08
9.629999999999999543e-08
9.640000000000000294e-08
9.650000000000001046e-08
9.659999999999999150e-08
9.669999999999999901e-08
9.680000000000000653e-08
9.689999999999998757e-08
9.699999999999999508e-08
9.710000000000000259e-08
9.720000000000001011e-08
9.729999999999999115e-08
9.739999999999999866e-08
9.750000000000000618e-08
9.760000000000001369e-08
9.769999999999999473e-08
9.780000000000000224e-08
9.790000000000000976e-08
9.799999999999999080e-08
9.809999999999999831e-08
9.820000000000000583e-08
9.830000000000001334e-08
9.839999999999999438e-08
9.850000000000000190e-08
9.860000000000000941e-08
9.869999999999999045e-08
9.879999999999999796e-08
9.890000000000000548e-08
9.900000000000001299e-08
9.909999999999999403e-08
9.920000000000000155e-08
9.930000000000000906e-08
9.939999999999999010e-08
9.949999999999999762e-08
9.960000000000000513e-08
9.970000000000001264e-08
9.979999999999999368e-08
9.990000000000000120e-08
1.000000000000000087e-07
1.000999999999999898e-07
1.001999999999999973e-07
1.003000000000000048e-07
1.004000000000000123e-07
1.004999999999999933e-07
1.006000000000000008e-07
1.007000000000000084e-07
1.007999999999999894e-07
1.008999999999999969e-07
1.010000000000000044e-07
1.011000000000000119e-07
1.011999999999999930e-07
1.013000000000000005e-07
1.014000000000000080e-07
1.014999999999999891e-07
1.015999999999999966e-07
1.017000000000000041e-07
1.018000000000000116e-07
1.018999999999999926e-07
1.020000000000000001e-07
1.021000000000000077e-07
1.021999999999999887e-07
1.022999999999999962e-07
1.024000000000000037e-07
1.025000000000000112e-07
1.025999999999999923e-07
1.026999999999999998e-07
1.028000000000000073e-07
1.028999999999999884e-07
1.029999999999999959e-07
1.031000000000000034e-07
1.032000000000000109e-07
1.032999999999999919e-07
1.033999999999999995e-07
1.035000000000000070e-07
1.035999999999999880e-07
1.036999999999999955e-07
1.038000000000000030e-07
1.039000000000000105e-07
1.039999999999999916e-07
1.040999999999999991e-07
1.042000000000000066e-07
1.043000000000000141e-07
1.043999999999999952e-07
1.045000000000000027e-07
1.046000000000000102e-07
1.046999999999999912e-07
1.047999999999999988e-07
1.049000000000000063e-07
1.050000000000000138e-07
1.050999999999999948e-07
1.052000000000000023e-07
1.053000000000000098e-07
1.053999999999999909e-07
1.054999999999999984e-07
1.056000000000000059e-07
1.057000000000000134e-07
1.057999999999999945e-07
1.059000000000000020e-07
1.060000000000000095e-07
1.060999999999999905e-07
1.061999999999999981e-07
1.063000000000000056e-07
1.064000000000000131e-07
1.064999999999999941e-07
1.066000000000000016e-07
1.067000000000000091e-07
1.067999999999999902e-07
1.068999999999999977e-07
1.070000000000000052e-07
1.071000000000000127e-07
1.071999999999999938e-07
1.073000000000000013e-07
1.074000000000000088e-07
1.074999999999999898e-07
1.075999999999999974e-07
1.077000000000000049e-07
1.078000000000000124e-07
1.078999999999999934e-07
1.080000000000000009e-07
1.081000000000000084e-07
1.081999999999999895e-07
1.082999999999999970e-07
1.084000000000000045e-07
1.085000000000000120e-07
1.085999999999999931e-07
1.087000000000000006e-07
1.088000000000000081e-07
1.088999999999999891e-07
1.089999999999999967e-07
1.091000000000000042e-07
1.092000000000000117e-07
1.092999999999999927e-07
1.094000000000000002e-07
1.095000000000000078e-07
1.095999999999999888e-07
1.096999999999999963e-07
1.098000000000000038e-07
1.099000000000000113e-07
1.099999999999999924e-07
1.100999999999999999e-07
1.102000000000000074e-07
1.102999999999999884e-07
1.103999999999999960e-07
1.105000000000000035e-07
1.106000000000000110e-07
1.106999999999999920e-07
1.107999999999999995e-07
1.109000000000000071e-07
1.109999999999999881e-07
1.110999999999999956e-07
1.112000000000000031e-07
1.113000000000000106e-07
1.113999999999999917e-07
1.114999999999999992e-07
1.116000000000000067e-07
1.117000000000000142e-07
1.117999999999999953e-07
1.119000000000000028e-07
1.120000000000000103e-07
1.120999999999999913e-07
1.121999999999999988e-07
1.123000000000000064e-07
1.124000000000000139e-07
1.124999999999999949e-07
1.126000000000000024e-07
1.127000000000000099e-07
1.127999999999999910e-07
1.128999999999999985e-07
1.130000000000000060e-07
1.131000000000000135e-07
1.131999999999999946e-07
1.133000000000000021e-07
1.134000000000000096e-07
1.134999999999999906e-07
1.135999999999999981e-07
1.137000000000000057e-07
1.138000000000000132e-07
1.138999999999999942e-07
1.140000000000000017e-07
1.141000000000000092e-07
1.141999999999999903e-07
1.142999999999999978e-07
1.144000000000000053e-07
1.145000000000000128e-07
1.145999999999999939e-07
1.147000000000000014e-07
1.148000000000000089e-07
1.148999999999999899e-07
1.149999999999999974e-07
1.151000000000000050e-07
1.152000000000000125e-07
1.152999999999999935e-07
1.154000000000000010e-07
1.155000000000000085e-07
1.155999999999999896e-07
1.156999999999999971e-07
1.158000000000000046e-07
1.159000000000000121e-07
1.159999999999999932e-07
1.161000000000000007e-07
1.162000000000000082e-07
1.162999999999999892e-07
1.163999999999999967e-07
1.165000000000000043e-07
1.166000000000000118e-07
1.166999999999999928e-07
1.168000000000000003e-07
1.169000000000000078e-07
1.169999999999999889e-07
1.170999999999999964e-07
1.172000000000000039e-07
1.173000000000000114e-07
1.173999999999999925e-07
1.175000000000000000e-07
1.176000000000000075e-07
1.176999999999999885e-07
1.177999999999999960e-07
1.179000000000000036e-07
1.180000000000000111e-07
1.180999999999999921e-07
1.181999999999999996e-07
1.183000000000000071e-07
1.184000000000000147e-07
1.184999999999999957e-07
1.186000000000000032e-07
1.187000000000000107e-07
1.187999999999999918e-07
1.188999999999999993e-07
1.190000000000000068e-07
1.191000000000000143e-07
1.191999999999999953e-07
1.193000000000000161e-07
1.194000000000000236e-07
1.194999999999999782e-07
1.195999999999999857e-07
1.196999999999999932e-07
1.198000000000000007e-07
1.199000000000000082e-07
1.200000000000000157e-07
1.201000000000000233e-07
1.201999999999999778e-07
1.202999999999999853e-07
1.203999999999999929e-07
1.205000000000000004e-07
1.206000000000000079e-07
1.207000000000000154e-07
1.208000000000000229e-07
1.208999999999999775e-07
1.209999999999999850e-07
1.210999999999999925e-07
1.212000000000000000e-07
1.213000000000000075e-07
1.214000000000000150e-07
1.215000000000000226e-07
1.215999999999999771e-07
1.216999999999999846e-07
1.217999999999999922e-07
1.218999999999999997e-07
1.220000000000000072e-07
1.221000000000000147e-07
1.222000000000000222e-07
1.222999999999999768e-07
1.223999999999999843e-07
1.224999999999999918e-07
1.225999999999999993e-07
1.227000000000000068e-07
1.228000000000000143e-07
1.229000000000000219e-07
1.229999999999999764e-07
1.230999999999999839e-07
1.231999999999999915e-07
1.232999999999999990e-07
1.234000000000000065e-07
1.235000000000000140e-07
1.236000000000000215e-07
1.236999999999999761e-07
1.237999999999999836e-07
1.238999999999999911e-07
1.239999999999999986e-07
1.241000000000000061e-07
1.242000000000000136e-07
1.243000000000000212e-07
1.243999999999999757e-07
1.244999999999999832e-07
1.245999999999999908e-07
1.246999999999999983e-07
1.248000000000000058e-07
1.249000000000000133e-07
1.250000000000000208e-07
1.250999999999999754e-07
1.251999999999999829e-07
1.252999999999999904e-07
1.253999999999999979e-07
1.255000000000000054e-07
1.256000000000000130e-07
1.257000000000000205e-07
1.258000000000000280e-07
1.258999999999999826e-07
1.259999999999999901e-07
1.260999999999999976e-07
1.262000000000000051e-07
1.263000000000000126e-07
1.264000000000000201e-07
1.265000000000000276e-07
1.265999999999999822e-07
1.266999999999999897e-07
1.267999999999999972e-07
1.269000000000000047e-07
1.270000000000000123e-07
1.271000000000000198e-07
1.272000000000000273e-07
1.272999999999999819e-07
1.273999999999999894e-07
1.274999999999999969e-07
1.276000000000000044e-07
1.277000000000000119e-07
1.278000000000000194e-07
1.279000000000000269e-07
1.279999999999999815e-07
1.280999999999999890e-07
1.281999999999999965e-07
1.283000000000000040e-07
1.284000000000000116e-07
1.285000000000000191e-07
1.286000000000000266e-07
1.286999999999999812e-07
1.287999999999999887e-07
1.288999999999999962e-07
1.290000000000000037e-07
1.291000000000000112e-07
1.292000000000000187e-07
1.293000000000000262e-07
1.293999999999999808e-07
1.294999999999999883e-07
1.295999999999999958e-07
1.297000000000000033e-07
1.298000000000000109e-07
1.299000000000000184e-07
1.300000000000000259e-07
1.300999999999999805e-07
1.301999999999999880e-07
1.302999999999999955e-07
1.304000000000000030e-07
1.305000000000000105e-07
1.306000000000000180e-07
1.307000000000000255e-07
1.307999999999999801e-07
1.308999999999999876e-07
1.309999999999999951e-07
1.311000000000000026e-07
1.312000000000000102e-07
1.313000000000000177e-07
1.314000000000000252e-07
1.314999999999999798e-07
1.315999999999999873e-07
1.316999999999999948e-07
1.318000000000000023e-07
1.319000000000000098e-07
1.320000000000000173e-07
1.321000000000000248e-07
1.321999999999999794e-07
1.322999999999999869e-07
1.323999999999999944e-07
1.325000000000000019e-07
1.326000000000000095e-07
1.327000000000000170e-07
1.328000000000000245e-07
1.328999999999999791e-07
1.329999999999999866e-07
1.330999999999999941e-07
1.332000000000000016e-07
1.333000000000000091e-07
1.334000000000000166e-07
1.335000000000000241e-07
1.335999999999999787e-07
1.336999999999999862e-07
1.337999999999999937e-07
1.339000000000000012e-07
1.340000000000000088e-07
1.341000000000000163e-07
1.342000000000000238e-07
1.342999999999999784e-07
1.343999999999999859e-07
1.344999999999999934e-07
1.346000000000000009e-07
1.347000000000000084e-07
1.348000000000000159e-07
1.349000000000000234e-07
1.349999999999999780e-07
1.350999999999999855e-07
1.351999999999999930e-07
1.353000000000000005e-07
1.354000000000000081e-07
1.355000000000000156e-07
1.356000000000000231e-07
1.356999999999999777e-07
1.357999999999999852e-07
1.358999999999999927e-07
1.360000000000000002e-07
1.361000000000000077e-07
1.362000000000000152e-07
1.363000000000000227e-07
1.363999999999999773e-07
1.364999999999999848e-07
1.365999999999999923e-07
1.366999999999999998e-07
1.368000000000000074e-07
1.369000000000000149e-07
1.370000000000000224e-07
1.370999999999999770e-07
1.371999999999999845e-07
1.372999999999999920e-07
1.373999999999999995e-07
1.375000000000000070e-07
1.376000000000000145e-07
1.377000000000000220e-07
1.377999999999999766e-07
1.378999999999999841e-07
1.379999999999999916e-07
1.380999999999999992e-07
1.382000000000000067e-07
1.383000000000000142e-07
1.384000000000000217e-07
1.384999999999999763e-07
1.385999999999999838e-07
1.386999999999999913e-07
1.387999999999999988e-07
1.389000000000000063e-07
1.390000000000000138e-07
1.391000000000000213e-07
1.391999999999999759e-07
1.392999999999999834e-07
1.393999999999999909e-07
1.394999999999999985e-07
1.396000000000000060e-07
1.397000000000000135e-07
1.398000000000000210e-07
1.399000000000000285e-07
1.399999999999999831e-07
1.400999999999999906e-07
1.401999999999999981e-07
1.403000000000000056e-07
1.404000000000000131e-07
1.405000000000000206e-07
1.406000000000000282e-07
1.406999999999999827e-07
1.407999999999999902e-07
1.408999999999999978e-07
1.410000000000000053e-07
1.411000000000000128e-07
1.412000000000000203e-07
1.413000000000000278e-07
1.413999999999999824e-07
1.414999999999999899e-07
1.415999999999999974e-07
1.417000000000000049e-07
1.418000000000000124e-07
1.419000000000000199e-07
1.420000000000000275e-07
1.420999999999999820e-07
1.421999999999999895e-07
1.422999999999999971e-07
1.424000000000000046e-07
1.425000000000000121e-07
1.426000000000000196e-07
1.427000000000000271e-07
1.427999999999999817e-07
1.428999999999999892e-07
1.429999999999999967e-07
1.431000000000000042e-07
1.432000000000000117e-07
1.433000000000000192e-07
1.434000000000000268e-07
1.434999999999999813e-07
1.435999999999999888e-07
1.436999999999999964e-07
1.438000000000000039e-07
1.439000000000000114e-07
1.440000000000000189e-07
1.441000000000000264e-07
1.441999999999999810e-07
1.442999999999999885e-07
1.443999999999999960e-07
1.445000000000000035e-07
1.446000000000000110e-07
1.447000000000000185e-07
1.448000000000000261e-07
1.448999999999999806e-07
1.449999999999999881e-07
1.450999999999999957e-07
1.452000000000000032e-07
1.453000000000000107e-07
1.454000000000000182e-07
1.455000000000000257e-07
1.455999999999999803e-07
1.456999999999999878e-07
1.457999999999999953e-07
1.459000000000000028e-07
1.460000000000000103e-07
1.461000000000000178e-07
1.462000000000000254e-07
1.462999999999999799e-07
1.463999999999999874e-07
1.464999999999999950e-07
1.466000000000000025e-07
1.467000000000000100e-07
1.468000000000000175e-07
1.469000000000000250e-07
1.469999999999999796e-07
1.470999999999999871e-07
1.471999999999999946e-07
1.473000000000000021e-07
1.474000000000000096e-07
1.475000000000000171e-07
1.476000000000000247e-07
1.476999999999999792e-07
1.477999999999999867e-07
1.478999999999999943e-07
1.480000000000000018e-07
1.481000000000000093e-07
1.482000000000000168e-07
1.483000000000000243e-07
1.483999999999999789e-07
1.484999999999999864e-07
1.485999999999999939e-07
1.487000000000000014e-07
1.488000000000000089e-07
1.489000000000000164e-07
1.490000000000000240e-07
1.490999999999999785e-07
1.491999999999999860e-07
1.492999999999999936e-07
1.494000000000000011e-07
1.495000000000000086e-07
1.496000000000000161e-07
1.497000000000000236e-07
1.497999999999999782e-07
1.498999999999999857e-07
1.499999999999999932e-07
1.501000000000000007e-07
1.502000000000000082e-07
1.503000000000000158e-07
1.504000000000000233e-07
1.504999999999999778e-07
1.505999999999999854e-07
1.506999999999999929e-07
1.508000000000000004e-07
1.509000000000000079e-07
1.510000000000000154e-07
1.511000000000000229e-07
1.511999999999999775e-07
1.512999999999999850e-07
1.513999999999999925e-07
1.515000000000000000e-07
1.516000000000000075e-07
1.517000000000000151e-07
1.518000000000000226e-07
1.518999999999999771e-07
1.519999999999999847e-07
1.520999999999999922e-07
1.521999999999999997e-07
1.523000000000000072e-07
1.524000000000000147e-07
1.525000000000000222e-07
1.525999999999999768e-07
1.526999999999999843e-07
1.527999999999999918e-07
1.528999999999999993e-07
1.530000000000000068e-07
1.531000000000000144e-07
1.532000000000000219e-07
1.532999999999999764e-07
1.533999999999999840e-07
1.534999999999999915e-07
1.535999999999999990e-07
1.537000000000000065e-07
1.538000000000000140e-07
1.539000000000000215e-07
1.540000000000000290e-07
1.540999999999999836e-07
1.541999999999999911e-07
1.542999999999999986e-07
1.544000000000000061e-07
1.545000000000000137e-07
1.546000000000000212e-07
1.547000000000000287e-07
1.547999999999999833e-07
1.548999999999999908e-07
1.549999999999999983e-07
1.551000000000000058e-07
1.552000000000000133e-07
1.553000000000000208e-07
1.554000000000000283e-07
1.554999999999999829e-07
1.555999999999999904e-07
1.556999999999999979e-07
1.558000000000000054e-07
1.559000000000000130e-07
1.560000000000000205e-07
1.561000000000000280e-07
1.561999999999999826e-07
1.562999999999999901e-07
1.563999999999999976e-07
1.565000000000000051e-07
1.566000000000000126e-07
1.567000000000000201e-07
1.568000000000000276e-07
1.568999999999999822e-07
1.569999999999999897e-07
1.570999999999999972e-07
1.572000000000000047e-07
1.573000000000000123e-07
1.574000000000000198e-07
1.575000000000000273e-07
1.575999999999999819e-07
1.576999999999999894e-07
1.577999999999999969e-07
1.579000000000000044e-07
1.580000000000000119e-07
1.581000000000000194e-07
1.582000000000000269e-07
1.582999999999999815e-07
1.583999999999999890e-07
1.584999999999999965e-07
1.586000000000000040e-07
1.587000000000000116e-07
1.588000000000000191e-07
1.589000000000000266e-07
1.589999999999999812e-07
1.590999999999999887e-07
1.591999999999999962e-07
1.593000000000000037e-07
1.594000000000000112e-07
1.595000000000000187e-07
1.596000000000000262e-07
1.596999999999999808e-07
1.597999999999999883e-07
1.598999999999999958e-07
1.600000000000000033e-07
1.601000000000000109e-07
1.602000000000000184e-07
1.603000000000000259e-07
1.603999999999999805e-07
1.604999999999999880e-07
1.605999999999999955e-07
1.607000000000000030e-07
1.608000000000000105e-07
1.609000000000000180e-07
1.610000000000000255e-07
1.610999999999999801e-07
1.611999999999999876e-07
1.612999999999999951e-07
1.614000000000000026e-07
1.615000000000000102e-07
1.616000000000000177e-07
1.617000000000000252e-07
1.617999999999999798e-07
1.618999999999999873e-07
1.619999999999999948e-07
1.621000000000000023e-07
1.622000000000000098e-07
1.623000000000000173e-07
1.624000000000000248e-07
1.625000000000000324e-07
1.626000000000000399e-07
1.626999999999999944e-07
1.628000000000000020e-07
1.629000000000000095e-07
1.630000000000000170e-07
1.631000000000000245e-07
1.632000000000000320e-07
1.633000000000000395e-07
1.633999999999999941e-07
1.635000000000000016e-07
1.636000000000000091e-07
1.637000000000000166e-07
1.638000000000000241e-07
1.639000000000000317e-07
1.640000000000000392e-07
1.640999999999999937e-07
1.642000000000000013e-07
1.643000000000000088e-07
1.644000000000000163e-07
1.645000000000000238e-07
1.646000000000000313e-07
1.647000000000000388e-07
1.647999999999999934e-07
1.649000000000000009e-07
1.650000000000000084e-07
1.651000000000000159e-07
1.652000000000000234e-07
1.653000000000000310e-07
1.654000000000000385e-07
1.654999999999999930e-07
1.656000000000000006e-07
1.657000000000000081e-07
1.658000000000000156e-07
1.659000000000000231e-07
1.660000000000000306e-07
1.661000000000000381e-07
1.661999999999999927e-07
1.663000000000000002e-07
1.664000000000000077e-07
1.665000000000000152e-07
1.666000000000000227e-07
1.667000000000000303e-07
1.668000000000000378e-07
1.668999999999999923e-07
1.669999999999999999e-07
1.671000000000000074e-07
1.672000000000000149e-07
1.673000000000000224e-07
1.674000000000000299e-07
1.675000000000000374e-07
1.675999999999999920e-07
1.676999999999999995e-07
1.678000000000000070e-07
1.679000000000000145e-07
1.680000000000000220e-07
1.681000000000000296e-07
1.682000000000000371e-07
1.682999999999999916e-07
1.683999999999999992e-07
1.685000000000000067e-07
1.686000000000000142e-07
1.687000000000000217e-07
1.688000000000000292e-07
1.689000000000000367e-07
1.689999999999999913e-07
1.690999999999999988e-07
1.692000000000000063e-07
1.693000000000000138e-07
1.694000000000000213e-07
1.695000000000000289e-07
1.696000000000000364e-07
1.696999999999999909e-07
1.697999999999999985e-07
1.699000000000000060e-07
1.700000000000000135e-07
1.701000000000000210e-07
1.702000000000000285e-07
1.703000000000000360e-07
1.703999999999999906e-07
1.704999999999999981e-07
1.706000000000000056e-07
1.707000000000000131e-07
1.708000000000000206e-07
1.709000000000000282e-07
1.710000000000000357e-07
1.710999999999999902e-07
1.711999999999999978e-07
1.713000000000000053e-07
1.714000000000000128e-07
1.715000000000000203e-07
1.716000000000000278e-07
1.717000000000000353e-07
1.718000000000000428e-07
1.718999999999999974e-07
1.720000000000000049e-07
1.721000000000000124e-07
1.722000000000000199e-07
1.723000000000000275e-07
1.724000000000000350e-07
1.725000000000000425e-07
1.725999999999999971e-07
1.727000000000000046e-07
1.728000000000000121e-07
1.729000000000000196e-07
1.730000000000000271e-07
1.731000000000000346e-07
1.732000000000000421e-07
1.732999999999999967e-07
1.734000000000000042e-07
1.735000000000000117e-07
1.736000000000000192e-07
1.737000000000000268e-07
1.738000000000000343e-07
1.739000000000000418e-07
