-9.000000000000000567e-05
-8.995999999999999927e-05
-8.992000000000000643e-05
-8.988000000000000004e-05
-8.984000000000000720e-05
-8.980000000000000081e-05
-8.976000000000000797e-05
-8.972000000000000157e-05
-8.968000000000000873e-05
-8.964000000000000234e-05
-8.960000000000000950e-05
-8.956000000000000310e-05
-8.952000000000001026e-05
-8.948000000000000387e-05
-8.944000000000001103e-05
-8.940000000000000464e-05
-8.936000000000001180e-05
-8.932000000000000540e-05
-8.927999999999999901e-05
-8.924000000000000617e-05
-8.919999999999999978e-05
-8.916000000000000693e-05
-8.912000000000000054e-05
-8.908000000000000770e-05
-8.904000000000000131e-05
-8.900000000000000847e-05
-8.896000000000000207e-05
-8.892000000000000923e-05
-8.888000000000000284e-05
-8.884000000000001000e-05
-8.880000000000000360e-05
-8.876000000000001076e-05
-8.872000000000000437e-05
-8.868000000000001153e-05
-8.864000000000000514e-05
-8.860000000000001230e-05
-8.856000000000000590e-05
-8.851999999999999951e-05
-8.848000000000000667e-05
-8.844000000000000028e-05
-8.840000000000000743e-05
-8.836000000000000104e-05
-8.832000000000000820e-05
-8.828000000000000181e-05
-8.824000000000000897e-05
-8.820000000000000257e-05
-8.816000000000000973e-05
-8.812000000000000334e-05
-8.808000000000001050e-05
-8.804000000000000411e-05
-8.800000000000001126e-05
-8.796000000000000487e-05
-8.792000000000001203e-05
-8.788000000000000564e-05
-8.783999999999999924e-05
-8.780000000000000640e-05
-8.776000000000000001e-05
-8.772000000000000717e-05
-8.768000000000000078e-05
-8.764000000000000793e-05
-8.760000000000000154e-05
-8.756000000000000870e-05
-8.752000000000000231e-05
-8.748000000000000947e-05
-8.744000000000000307e-05
-8.740000000000001023e-05
-8.736000000000000384e-05
-8.732000000000001100e-05
-8.728000000000000461e-05
-8.724000000000001176e-05
-8.720000000000000537e-05
-8.715999999999999898e-05
-8.712000000000000614e-05
-8.707999999999999974e-05
-8.704000000000000690e-05
-8.700000000000000051e-05
-8.696000000000000767e-05
-8.692000000000000128e-05
-8.688000000000000844e-05
-8.684000000000000204e-05
-8.680000000000000920e-05
-8.676000000000000281e-05
-8.672000000000000997e-05
-8.668000000000000357e-05
-8.664000000000001073e-05
-8.660000000000000434e-05
-8.656000000000001150e-05
-8.652000000000000511e-05
-8.647999999999999871e-05
-8.644000000000000587e-05
-8.639999999999999948e-05
-8.636000000000000664e-05
-8.632000000000000024e-05
-8.628000000000000740e-05
-8.624000000000000101e-05
-8.620000000000000817e-05
-8.616000000000000178e-05
-8.612000000000000894e-05
-8.608000000000000254e-05
-8.604000000000000970e-05
-8.600000000000000331e-05
-8.596000000000001047e-05
-8.592000000000000407e-05
-8.588000000000001123e-05
-8.584000000000000484e-05
-8.579999999999999845e-05
-8.576000000000000561e-05
-8.572000000000001277e-05
-8.568000000000000637e-05
-8.563999999999999998e-05
-8.560000000000000714e-05
-8.556000000000000074e-05
-8.552000000000000790e-05
-8.548000000000000151e-05
-8.544000000000000867e-05
-8.540000000000000228e-05
-8.536000000000000944e-05
-8.532000000000000304e-05
-8.528000000000001020e-05
-8.524000000000000381e-05
-8.520000000000001097e-05
-8.516000000000000457e-05
-8.512000000000001173e-05
-8.508000000000000534e-05
-8.504000000000001250e-05
-8.500000000000000611e-05
-8.495999999999999971e-05
-8.492000000000000687e-05
-8.488000000000000048e-05
-8.484000000000000764e-05
-8.480000000000000124e-05
-8.476000000000000840e-05
-8.472000000000000201e-05
-8.468000000000000917e-05
-8.464000000000000278e-05
-8.460000000000000994e-05
-8.456000000000000354e-05
-8.452000000000001070e-05
-8.448000000000000431e-05
-8.444000000000001147e-05
-8.440000000000000507e-05
-8.436000000000001223e-05
-8.432000000000000584e-05
-8.427999999999999945e-05
-8.424000000000000661e-05
-8.420000000000000021e-05
-8.416000000000000737e-05
-8.412000000000000098e-05
-8.408000000000000814e-05
-8.404000000000000175e-05
-8.400000000000000890e-05
-8.396000000000000251e-05
-8.392000000000000967e-05
-8.388000000000000328e-05
-8.384000000000001044e-05
-8.380000000000000404e-05
-8.376000000000001120e-05
-8.372000000000000481e-05
-8.368000000000001197e-05
-8.364000000000000557e-05
-8.359999999999999918e-05
-8.356000000000000634e-05
-8.351999999999999995e-05
-8.348000000000000711e-05
-8.344000000000000071e-05
-8.340000000000000787e-05
-8.336000000000000148e-05
-8.332000000000000864e-05
-8.328000000000000225e-05
-8.324000000000000940e-05
-8.320000000000000301e-05
-8.316000000000001017e-05
-8.312000000000000378e-05
-8.308000000000001094e-05
-8.304000000000000454e-05
-8.300000000000001170e-05
-8.296000000000000531e-05
-8.291999999999999892e-05
-8.288000000000000608e-05
-8.283999999999999968e-05
-8.280000000000000684e-05
-8.276000000000000045e-05
-8.272000000000000761e-05
-8.268000000000000121e-05
-8.264000000000000837e-05
-8.260000000000000198e-05
-8.256000000000000914e-05
-8.252000000000000275e-05
-8.248000000000000990e-05
-8.244000000000000351e-05
-8.240000000000001067e-05
-8.236000000000000428e-05
-8.232000000000001144e-05
-8.228000000000000504e-05
-8.223999999999999865e-05
-8.220000000000000581e-05
-8.216000000000001297e-05
-8.212000000000000658e-05
-8.208000000000000018e-05
-8.204000000000000734e-05
-8.200000000000000095e-05
-8.196000000000000811e-05
-8.192000000000000171e-05
-8.188000000000000887e-05
-8.184000000000000248e-05
-8.180000000000000964e-05
-8.176000000000000325e-05
-8.172000000000001041e-05
-8.168000000000000401e-05
-8.164000000000001117e-05
-8.160000000000000478e-05
-8.155999999999999838e-05
-8.152000000000000554e-05
-8.148000000000001270e-05
-8.144000000000000631e-05
-8.139999999999999992e-05
-8.136000000000000708e-05
-8.132000000000000068e-05
-8.128000000000000784e-05
-8.124000000000000145e-05
-8.120000000000000861e-05
-8.116000000000000221e-05
-8.112000000000000937e-05
-8.108000000000000298e-05
-8.104000000000001014e-05
-8.100000000000000375e-05
-8.096000000000001091e-05
-8.092000000000000451e-05
-8.087999999999999812e-05
-8.084000000000000528e-05
-8.080000000000001244e-05
-8.076000000000000604e-05
-8.071999999999999965e-05
-8.068000000000000681e-05
-8.064000000000000042e-05
-8.060000000000000758e-05
-8.056000000000000118e-05
-8.052000000000000834e-05
-8.048000000000000195e-05
-8.044000000000000911e-05
-8.040000000000000271e-05
-8.036000000000000987e-05
-8.032000000000000348e-05
-8.028000000000001064e-05
-8.024000000000000425e-05
-8.019999999999999785e-05
-8.016000000000000501e-05
-8.012000000000001217e-05
-8.008000000000000578e-05
-8.003999999999999939e-05
-8.000000000000000654e-05
-7.996000000000000015e-05
-7.992000000000000731e-05
-7.988000000000000092e-05
-7.984000000000000808e-05
-7.980000000000000168e-05
-7.976000000000000884e-05
-7.972000000000000245e-05
-7.968000000000000961e-05
-7.964000000000000321e-05
-7.960000000000001037e-05
-7.956000000000000398e-05
-7.952000000000001114e-05
-7.948000000000000475e-05
-7.944000000000001191e-05
-7.940000000000000551e-05
-7.935999999999999912e-05
-7.932000000000000628e-05
-7.927999999999999989e-05
-7.924000000000000704e-05
-7.920000000000000065e-05
-7.916000000000000781e-05
-7.912000000000000142e-05
-7.908000000000000858e-05
-7.904000000000000218e-05
-7.900000000000000934e-05
-7.896000000000000295e-05
-7.892000000000001011e-05
-7.888000000000000372e-05
-7.884000000000001087e-05
-7.880000000000000448e-05
-7.876000000000001164e-05
-7.872000000000000525e-05
-7.867999999999999885e-05
-7.864000000000000601e-05
-7.859999999999999962e-05
-7.856000000000000678e-05
-7.852000000000000039e-05
-7.848000000000000754e-05
-7.844000000000000115e-05
-7.840000000000000831e-05
-7.836000000000000192e-05
-7.832000000000000908e-05
-7.828000000000000268e-05
-7.824000000000000984e-05
-7.820000000000000345e-05
-7.816000000000001061e-05
-7.812000000000000422e-05
-7.808000000000001137e-05
-7.804000000000000498e-05
-7.799999999999999859e-05
-7.796000000000000575e-05
-7.792000000000001291e-05
-7.788000000000000651e-05
-7.784000000000000012e-05
-7.780000000000000728e-05
-7.776000000000000089e-05
-7.772000000000000805e-05
-7.768000000000000165e-05
-7.764000000000000881e-05
-7.760000000000000242e-05
-7.756000000000000958e-05
-7.752000000000000318e-05
-7.748000000000001034e-05
-7.744000000000000395e-05
-7.740000000000001111e-05
-7.736000000000000472e-05
-7.731999999999999832e-05
-7.728000000000000548e-05
-7.724000000000001264e-05
-7.720000000000000625e-05
-7.715999999999999985e-05
-7.712000000000000701e-05
-7.708000000000000062e-05
-7.704000000000000778e-05
-7.700000000000000139e-05
-7.696000000000000855e-05
-7.692000000000000215e-05
-7.688000000000000931e-05
-7.684000000000000292e-05
-7.680000000000001008e-05
-7.676000000000000368e-05
-7.672000000000001084e-05
-7.668000000000000445e-05
-7.663999999999999806e-05
-7.660000000000000522e-05
-7.656000000000001238e-05
-7.652000000000000598e-05
-7.647999999999999959e-05
-7.644000000000000675e-05
-7.640000000000000035e-05
-7.636000000000000751e-05
-7.632000000000000112e-05
-7.628000000000000828e-05
-7.624000000000000189e-05
-7.620000000000000905e-05
-7.616000000000000265e-05
-7.612000000000000981e-05
-7.608000000000000342e-05
-7.604000000000001058e-05
-7.600000000000000418e-05
-7.595999999999999779e-05
-7.592000000000000495e-05
-7.588000000000001211e-05
-7.584000000000000572e-05
-7.579999999999999932e-05
-7.576000000000000648e-05
-7.572000000000000009e-05
-7.568000000000000725e-05
-7.564000000000000085e-05
-7.560000000000000801e-05
-7.556000000000000162e-05
-7.552000000000000878e-05
-7.548000000000000239e-05
-7.544000000000000955e-05
-7.540000000000000315e-05
-7.536000000000001031e-05
-7.532000000000000392e-05
-7.528000000000001108e-05
-7.524000000000000468e-05
-7.520000000000001184e-05
-7.516000000000000545e-05
-7.511999999999999906e-05
-7.508000000000000622e-05
-7.503999999999999982e-05
-7.500000000000000698e-05
-7.496000000000000059e-05
-7.492000000000000775e-05
-7.488000000000000135e-05
-7.484000000000000851e-05
-7.480000000000000212e-05
-7.476000000000000928e-05
-7.472000000000000289e-05
-7.468000000000001005e-05
-7.464000000000000365e-05
-7.459999999999999726e-05
-7.456000000000000442e-05
-7.452000000000001158e-05
-7.448000000000000518e-05
-7.443999999999999879e-05
-7.440000000000000595e-05
-7.436000000000001311e-05
-7.432000000000000672e-05
-7.428000000000000032e-05
-7.424000000000000748e-05
-7.420000000000000109e-05
-7.416000000000000825e-05
-7.412000000000000186e-05
-7.408000000000000901e-05
-7.404000000000000262e-05
-7.400000000000000978e-05
-7.396000000000000339e-05
-7.391999999999999699e-05
-7.388000000000000415e-05
-7.384000000000001131e-05
-7.380000000000000492e-05
-7.375999999999999853e-05
-7.372000000000000568e-05
-7.368000000000001284e-05
-7.364000000000000645e-05
-7.360000000000000006e-05
-7.356000000000000722e-05
-7.352000000000000082e-05
-7.348000000000000798e-05
-7.344000000000000159e-05
-7.340000000000000875e-05
-7.336000000000000236e-05
-7.332000000000000951e-05
-7.328000000000000312e-05
-7.324000000000001028e-05
-7.320000000000000389e-05
-7.316000000000001105e-05
-7.312000000000000465e-05
-7.307999999999999826e-05
-7.304000000000000542e-05
-7.300000000000001258e-05
-7.296000000000000619e-05
-7.291999999999999979e-05
-7.288000000000000695e-05
-7.284000000000000056e-05
-7.280000000000000772e-05
-7.276000000000000132e-05
-7.272000000000000848e-05
-7.268000000000000209e-05
-7.264000000000000925e-05
-7.260000000000000286e-05
-7.256000000000001001e-05
-7.252000000000000362e-05
-7.248000000000001078e-05
-7.244000000000000439e-05
-7.239999999999999799e-05
-7.236000000000000515e-05
-7.232000000000001231e-05
-7.228000000000000592e-05
-7.223999999999999953e-05
-7.220000000000000669e-05
-7.216000000000000029e-05
-7.212000000000000745e-05
-7.208000000000000106e-05
-7.204000000000000822e-05
-7.200000000000000182e-05
-7.196000000000000898e-05
-7.192000000000000259e-05
-7.188000000000000975e-05
-7.184000000000000336e-05
-7.180000000000001052e-05
-7.176000000000000412e-05
-7.171999999999999773e-05
-7.168000000000000489e-05
-7.164000000000001205e-05
-7.160000000000000565e-05
-7.155999999999999926e-05
-7.152000000000000642e-05
-7.148000000000001358e-05
-7.144000000000000719e-05
-7.140000000000000079e-05
-7.136000000000000795e-05
-7.132000000000000156e-05
-7.128000000000000872e-05
-7.124000000000000232e-05
-7.120000000000000948e-05
-7.116000000000000309e-05
-7.112000000000001025e-05
-7.108000000000000386e-05
-7.103999999999999746e-05
-7.100000000000000462e-05
-7.096000000000001178e-05
-7.092000000000000539e-05
-7.087999999999999899e-05
-7.084000000000000615e-05
-7.080000000000001331e-05
-7.076000000000000692e-05
-7.072000000000000053e-05
-7.068000000000000769e-05
-7.064000000000000129e-05
-7.060000000000000845e-05
-7.056000000000000206e-05
-7.052000000000000922e-05
-7.048000000000000282e-05
-7.044000000000000998e-05
-7.040000000000000359e-05
-7.035999999999999720e-05
-7.032000000000000436e-05
-7.028000000000001152e-05
-7.024000000000000512e-05
-7.019999999999999873e-05
-7.016000000000000589e-05
-7.012000000000001305e-05
-7.008000000000000665e-05
-7.004000000000000026e-05
-7.000000000000000742e-05
-6.996000000000000103e-05
-6.992000000000000819e-05
-6.988000000000000179e-05
-6.984000000000000895e-05
-6.980000000000000256e-05
-6.976000000000000972e-05
-6.972000000000000332e-05
-6.967999999999999693e-05
-6.964000000000000409e-05
-6.960000000000001125e-05
-6.956000000000000486e-05
-6.951999999999999846e-05
-6.948000000000000562e-05
-6.944000000000001278e-05
-6.940000000000000639e-05
-6.936000000000000000e-05
-6.932000000000000715e-05
-6.928000000000000076e-05
-6.924000000000000792e-05
-6.920000000000000153e-05
-6.916000000000000869e-05
-6.912000000000000229e-05
-6.908000000000000945e-05
-6.904000000000000306e-05
-6.900000000000001022e-05
-6.896000000000000383e-05
-6.892000000000001098e-05
-6.888000000000000459e-05
-6.883999999999999820e-05
-6.880000000000000536e-05
-6.876000000000001252e-05
-6.872000000000000612e-05
-6.867999999999999973e-05
-6.864000000000000689e-05
-6.860000000000000050e-05
-6.856000000000000765e-05
-6.852000000000000126e-05
-6.848000000000000842e-05
-6.844000000000000203e-05
-6.840000000000000919e-05
-6.836000000000000279e-05
-6.832000000000000995e-05
-6.828000000000000356e-05
-6.824000000000001072e-05
-6.820000000000000433e-05
-6.815999999999999793e-05
-6.812000000000000509e-05
-6.808000000000001225e-05
-6.804000000000000586e-05
-6.799999999999999946e-05
-6.796000000000000662e-05
-6.792000000000000023e-05
-6.788000000000000739e-05
-6.784000000000000100e-05
-6.780000000000000816e-05
-6.776000000000000176e-05
-6.772000000000000892e-05
-6.768000000000000253e-05
-6.764000000000000969e-05
-6.760000000000000329e-05
-6.756000000000001045e-05
-6.752000000000000406e-05
-6.747999999999999767e-05
-6.744000000000000483e-05
-6.740000000000001198e-05
-6.736000000000000559e-05
-6.731999999999999920e-05
-6.728000000000000636e-05
-6.724000000000001352e-05
-6.720000000000000712e-05
-6.716000000000000073e-05
-6.712000000000000789e-05
-6.708000000000000150e-05
-6.704000000000000866e-05
-6.700000000000000226e-05
-6.696000000000000942e-05
-6.692000000000000303e-05
-6.688000000000001019e-05
-6.684000000000000379e-05
-6.679999999999999740e-05
-6.676000000000000456e-05
-6.672000000000001172e-05
-6.668000000000000533e-05
-6.663999999999999893e-05
-6.660000000000000609e-05
-6.656000000000001325e-05
-6.652000000000000686e-05
-6.648000000000000046e-05
-6.644000000000000762e-05
-6.640000000000000123e-05
-6.636000000000000839e-05
-6.632000000000000200e-05
-6.628000000000000916e-05
-6.624000000000000276e-05
-6.620000000000000992e-05
-6.616000000000000353e-05
-6.611999999999999714e-05
-6.608000000000000429e-05
-6.604000000000001145e-05
-6.600000000000000506e-05
-6.595999999999999867e-05
-6.592000000000000583e-05
-6.588000000000001299e-05
-6.584000000000000659e-05
-6.580000000000000020e-05
-6.576000000000000736e-05
-6.572000000000000096e-05
-6.568000000000000812e-05
-6.564000000000000173e-05
-6.560000000000000889e-05
-6.556000000000000250e-05
-6.552000000000000966e-05
-6.548000000000000326e-05
-6.543999999999999687e-05
-6.540000000000000403e-05
-6.536000000000001119e-05
-6.532000000000000479e-05
-6.527999999999999840e-05
-6.524000000000000556e-05
-6.520000000000001272e-05
-6.516000000000000633e-05
-6.511999999999999993e-05
-6.508000000000000709e-05
-6.504000000000000070e-05
-6.500000000000000786e-05
-6.496000000000000147e-05
-6.492000000000000862e-05
-6.488000000000000223e-05
-6.484000000000000939e-05
-6.480000000000000300e-05
-6.476000000000001016e-05
-6.472000000000000376e-05
-6.468000000000001092e-05
-6.464000000000000453e-05
-6.459999999999999814e-05
-6.456000000000000529e-05
-6.452000000000001245e-05
-6.448000000000000606e-05
-6.443999999999999967e-05
-6.440000000000000683e-05
-6.436000000000000043e-05
-6.432000000000000759e-05
-6.428000000000000120e-05
-6.424000000000000836e-05
-6.420000000000000197e-05
-6.416000000000000912e-05
-6.412000000000000273e-05
-6.408000000000000989e-05
-6.404000000000000350e-05
-6.400000000000001066e-05
-6.396000000000000426e-05
-6.391999999999999787e-05
-6.388000000000000503e-05
-6.384000000000001219e-05
-6.380000000000000580e-05
-6.375999999999999940e-05
-6.372000000000000656e-05
-6.368000000000000017e-05
-6.364000000000000733e-05
-6.360000000000000093e-05
-6.356000000000000809e-05
-6.352000000000000170e-05
-6.348000000000000886e-05
-6.344000000000000247e-05
-6.340000000000000962e-05
-6.336000000000000323e-05
-6.332000000000001039e-05
-6.328000000000000400e-05
-6.323999999999999760e-05
-6.320000000000000476e-05
-6.316000000000001192e-05
-6.312000000000000553e-05
-6.307999999999999914e-05
-6.304000000000000630e-05
-6.300000000000001345e-05
-6.296000000000000706e-05
-6.292000000000000067e-05
-6.288000000000000783e-05
-6.284000000000000143e-05
-6.280000000000000859e-05
-6.276000000000000220e-05
-6.272000000000000936e-05
-6.268000000000000297e-05
-6.264000000000001013e-05
-6.260000000000000373e-05
-6.255999999999999734e-05
-6.252000000000000450e-05
-6.248000000000001166e-05
-6.244000000000000526e-05
-6.239999999999999887e-05
-6.236000000000000603e-05
-6.232000000000001319e-05
-6.228000000000000680e-05
-6.224000000000000040e-05
-6.220000000000000756e-05
-6.216000000000000117e-05
-6.212000000000000833e-05
-6.208000000000000193e-05
-6.204000000000000909e-05
-6.200000000000000270e-05
-6.196000000000000986e-05
-6.192000000000000347e-05
-6.187999999999999707e-05
-6.184000000000000423e-05
-6.180000000000001139e-05
-6.176000000000000500e-05
-6.171999999999999860e-05
-6.168000000000000576e-05
-6.164000000000001292e-05
-6.160000000000000653e-05
-6.156000000000000014e-05
-6.152000000000000730e-05
-6.148000000000000090e-05
-6.144000000000000806e-05
-6.140000000000000167e-05
-6.136000000000000883e-05
-6.132000000000000243e-05
-6.128000000000000959e-05
-6.124000000000000320e-05
-6.119999999999999681e-05
-6.116000000000000397e-05
-6.112000000000001113e-05
-6.108000000000000473e-05
-6.103999999999999834e-05
-6.100000000000000550e-05
-6.096000000000000588e-05
-6.092000000000000626e-05
-6.088000000000000665e-05
-6.084000000000000703e-05
-6.080000000000000064e-05
-6.076000000000000780e-05
-6.072000000000000140e-05
-6.068000000000000856e-05
-6.064000000000000217e-05
-6.060000000000000933e-05
-6.056000000000000293e-05
-6.052000000000001009e-05
-6.048000000000000370e-05
-6.044000000000000408e-05
-6.040000000000000447e-05
-6.036000000000000485e-05
-6.032000000000000523e-05
-6.028000000000000562e-05
-6.024000000000000600e-05
-6.020000000000000638e-05
-6.016000000000000676e-05
-6.012000000000000037e-05
-6.008000000000000753e-05
-6.004000000000000114e-05
-6.000000000000000830e-05
-5.996000000000000190e-05
-5.992000000000000906e-05
-5.988000000000000267e-05
-5.984000000000000983e-05
-5.980000000000000343e-05
-5.976000000000000382e-05
-5.972000000000000420e-05
-5.968000000000000458e-05
-5.964000000000000497e-05
-5.960000000000000535e-05
-5.956000000000000573e-05
-5.952000000000000612e-05
-5.948000000000000650e-05
-5.944000000000000688e-05
-5.940000000000000726e-05
-5.936000000000000765e-05
-5.932000000000000803e-05
-5.928000000000000164e-05
-5.924000000000000202e-05
-5.920000000000000240e-05
-5.916000000000000279e-05
-5.912000000000000317e-05
-5.908000000000000355e-05
-5.904000000000000394e-05
-5.900000000000000432e-05
-5.896000000000000470e-05
-5.892000000000000508e-05
-5.888000000000000547e-05
-5.884000000000000585e-05
-5.880000000000000623e-05
-5.876000000000000662e-05
-5.872000000000000700e-05
-5.868000000000000738e-05
-5.864000000000000776e-05
-5.860000000000000815e-05
-5.856000000000000175e-05
-5.852000000000000214e-05
-5.848000000000000252e-05
-5.844000000000000290e-05
-5.840000000000000329e-05
-5.836000000000000367e-05
-5.832000000000000405e-05
-5.828000000000000444e-05
-5.824000000000000482e-05
-5.820000000000000520e-05
-5.816000000000000558e-05
-5.812000000000000597e-05
-5.808000000000000635e-05
-5.804000000000000673e-05
-5.800000000000000712e-05
-5.796000000000000750e-05
-5.792000000000000788e-05
-5.788000000000000827e-05
-5.784000000000000187e-05
-5.780000000000000225e-05
-5.776000000000000264e-05
-5.772000000000000302e-05
-5.768000000000000340e-05
-5.764000000000000379e-05
-5.760000000000000417e-05
-5.756000000000000455e-05
-5.752000000000000494e-05
-5.748000000000000532e-05
-5.744000000000000570e-05
-5.740000000000000608e-05
-5.736000000000000647e-05
-5.732000000000000685e-05
-5.728000000000000723e-05
-5.724000000000000762e-05
-5.720000000000000800e-05
-5.716000000000000161e-05
-5.712000000000000199e-05
-5.708000000000000237e-05
-5.704000000000000276e-05
-5.700000000000000314e-05
-5.696000000000000352e-05
-5.692000000000000390e-05
-5.688000000000000429e-05
-5.684000000000000467e-05
-5.680000000000000505e-05
-5.676000000000000544e-05
-5.672000000000000582e-05
-5.668000000000000620e-05
-5.664000000000000658e-05
-5.660000000000000697e-05
-5.656000000000000735e-05
-5.652000000000000773e-05
-5.648000000000000812e-05
-5.644000000000000172e-05
-5.640000000000000211e-05
-5.636000000000000249e-05
-5.632000000000000287e-05
-5.628000000000000326e-05
-5.624000000000000364e-05
-5.620000000000000402e-05
-5.616000000000000440e-05
-5.612000000000000479e-05
-5.608000000000000517e-05
-5.604000000000000555e-05
-5.600000000000000594e-05
-5.596000000000000632e-05
-5.592000000000000670e-05
-5.588000000000000709e-05
-5.584000000000000747e-05
-5.580000000000000785e-05
-5.576000000000000823e-05
-5.572000000000000184e-05
-5.568000000000000222e-05
-5.564000000000000261e-05
-5.560000000000000299e-05
-5.556000000000000337e-05
-5.552000000000000376e-05
-5.548000000000000414e-05
-5.544000000000000452e-05
-5.540000000000000490e-05
-5.536000000000000529e-05
-5.532000000000000567e-05
-5.528000000000000605e-05
-5.524000000000000644e-05
-5.520000000000000682e-05
-5.516000000000000720e-05
-5.512000000000000759e-05
-5.508000000000000797e-05
-5.504000000000000158e-05
-5.500000000000000196e-05
-5.496000000000000234e-05
-5.492000000000000272e-05
-5.488000000000000311e-05
-5.484000000000000349e-05
-5.480000000000000387e-05
-5.476000000000000426e-05
-5.472000000000000464e-05
-5.468000000000000502e-05
-5.464000000000000540e-05
-5.460000000000000579e-05
-5.456000000000000617e-05
-5.452000000000000655e-05
-5.448000000000000694e-05
-5.444000000000000732e-05
-5.440000000000000770e-05
-5.436000000000000809e-05
-5.432000000000000169e-05
-5.428000000000000208e-05
-5.424000000000000246e-05
-5.420000000000000284e-05
-5.416000000000000322e-05
-5.412000000000000361e-05
-5.408000000000000399e-05
-5.404000000000000437e-05
-5.400000000000000476e-05
-5.396000000000000514e-05
-5.392000000000000552e-05
-5.388000000000000591e-05
-5.384000000000000629e-05
-5.380000000000000667e-05
-5.376000000000000705e-05
-5.372000000000000744e-05
-5.368000000000000782e-05
-5.364000000000000820e-05
-5.360000000000000181e-05
-5.356000000000000219e-05
-5.352000000000000258e-05
-5.348000000000000296e-05
-5.344000000000000334e-05
-5.340000000000000372e-05
-5.336000000000000411e-05
-5.332000000000000449e-05
-5.328000000000000487e-05
-5.324000000000000526e-05
-5.320000000000000564e-05
-5.316000000000000602e-05
-5.312000000000000641e-05
-5.308000000000000679e-05
-5.304000000000000717e-05
-5.300000000000000755e-05
-5.296000000000000794e-05
-5.292000000000000154e-05
-5.288000000000000193e-05
-5.284000000000000231e-05
-5.280000000000000269e-05
-5.276000000000000308e-05
-5.272000000000000346e-05
-5.268000000000000384e-05
-5.264000000000000422e-05
-5.260000000000000461e-05
-5.256000000000000499e-05
-5.252000000000000537e-05
-5.248000000000000576e-05
-5.244000000000000614e-05
-5.240000000000000652e-05
-5.236000000000000691e-05
-5.232000000000000729e-05
-5.228000000000000767e-05
-5.224000000000000805e-05
-5.220000000000000166e-05
-5.216000000000000204e-05
-5.212000000000000243e-05
-5.208000000000000281e-05
-5.204000000000000319e-05
-5.200000000000000358e-05
-5.196000000000000396e-05
-5.192000000000000434e-05
-5.188000000000000473e-05
-5.184000000000000511e-05
-5.180000000000000549e-05
-5.176000000000000587e-05
-5.172000000000000626e-05
-5.168000000000000664e-05
-5.164000000000000702e-05
-5.160000000000000741e-05
-5.156000000000000779e-05
-5.152000000000000817e-05
-5.148000000000000178e-05
-5.144000000000000216e-05
-5.140000000000000254e-05
-5.136000000000000293e-05
-5.132000000000000331e-05
-5.128000000000000369e-05
-5.124000000000000408e-05
-5.120000000000000446e-05
-5.116000000000000484e-05
-5.112000000000000523e-05
-5.108000000000000561e-05
-5.104000000000000599e-05
-5.100000000000000637e-05
-5.096000000000000676e-05
-5.092000000000000714e-05
-5.088000000000000752e-05
-5.084000000000000791e-05
-5.080000000000000151e-05
-5.076000000000000190e-05
-5.072000000000000228e-05
-5.068000000000000266e-05
-5.064000000000000304e-05
-5.060000000000000343e-05
-5.056000000000000381e-05
-5.052000000000000419e-05
-5.048000000000000458e-05
-5.044000000000000496e-05
-5.040000000000000534e-05
-5.036000000000000573e-05
-5.032000000000000611e-05
-5.028000000000000649e-05
-5.024000000000000687e-05
-5.020000000000000726e-05
-5.016000000000000764e-05
-5.012000000000000802e-05
-5.008000000000000163e-05
-5.004000000000000201e-05
-5.000000000000000240e-05
-4.996000000000000278e-05
-4.992000000000000316e-05
-4.988000000000000355e-05
-4.984000000000000393e-05
-4.980000000000000431e-05
-4.976000000000000469e-05
-4.972000000000000508e-05
-4.968000000000000546e-05
-4.964000000000000584e-05
-4.960000000000000623e-05
-4.956000000000000661e-05
-4.952000000000000699e-05
-4.948000000000000737e-05
-4.944000000000000776e-05
-4.940000000000000814e-05
-4.936000000000000175e-05
-4.932000000000000213e-05
-4.928000000000000251e-05
-4.924000000000000290e-05
-4.920000000000000328e-05
-4.916000000000000366e-05
-4.912000000000000405e-05
-4.908000000000000443e-05
-4.904000000000000481e-05
-4.900000000000000519e-05
-4.896000000000000558e-05
-4.892000000000000596e-05
-4.888000000000000634e-05
-4.884000000000000673e-05
-4.880000000000000711e-05
-4.876000000000000749e-05
-4.872000000000000788e-05
-4.868000000000000148e-05
-4.864000000000000186e-05
-4.860000000000000225e-05
-4.856000000000000263e-05
-4.852000000000000301e-05
-4.848000000000000340e-05
-4.844000000000000378e-05
-4.840000000000000416e-05
-4.836000000000000455e-05
-4.832000000000000493e-05
-4.828000000000000531e-05
-4.824000000000000569e-05
-4.820000000000000608e-05
-4.816000000000000646e-05
-4.812000000000000684e-05
-4.808000000000000723e-05
-4.804000000000000761e-05
-4.800000000000000799e-05
-4.796000000000000160e-05
-4.792000000000000198e-05
-4.788000000000000236e-05
-4.784000000000000275e-05
-4.780000000000000313e-05
-4.776000000000000351e-05
-4.772000000000000390e-05
-4.768000000000000428e-05
-4.764000000000000466e-05
-4.760000000000000505e-05
-4.756000000000000543e-05
-4.752000000000000581e-05
-4.748000000000000619e-05
-4.744000000000000658e-05
-4.740000000000000696e-05
-4.736000000000000734e-05
-4.732000000000000773e-05
-4.728000000000000811e-05
-4.724000000000000172e-05
-4.720000000000000210e-05
-4.716000000000000248e-05
-4.712000000000000287e-05
-4.708000000000000325e-05
-4.704000000000000363e-05
-4.700000000000000401e-05
-4.696000000000000440e-05
-4.692000000000000478e-05
-4.688000000000000516e-05
-4.684000000000000555e-05
-4.680000000000000593e-05
-4.676000000000000631e-05
-4.672000000000000669e-05
-4.668000000000000708e-05
-4.664000000000000746e-05
-4.660000000000000784e-05
-4.656000000000000145e-05
-4.652000000000000183e-05
-4.648000000000000222e-05
-4.644000000000000260e-05
-4.640000000000000298e-05
-4.636000000000000337e-05
-4.632000000000000375e-05
-4.628000000000000413e-05
-4.624000000000000451e-05
-4.620000000000000490e-05
-4.616000000000000528e-05
-4.612000000000000566e-05
-4.608000000000000605e-05
-4.604000000000000643e-05
-4.600000000000000681e-05
-4.596000000000000720e-05
-4.592000000000000758e-05
-4.588000000000000796e-05
-4.584000000000000157e-05
-4.580000000000000195e-05
-4.576000000000000233e-05
-4.572000000000000272e-05
-4.568000000000000310e-05
-4.564000000000000348e-05
-4.560000000000000387e-05
-4.556000000000000425e-05
-4.552000000000000463e-05
-4.548000000000000501e-05
-4.544000000000000540e-05
-4.540000000000000578e-05
-4.536000000000000616e-05
-4.532000000000000655e-05
-4.528000000000000693e-05
-4.524000000000000731e-05
-4.520000000000000770e-05
-4.516000000000000808e-05
-4.512000000000000169e-05
-4.508000000000000207e-05
-4.504000000000000245e-05
-4.500000000000000283e-05
-4.496000000000000322e-05
-4.492000000000000360e-05
-4.488000000000000398e-05
-4.484000000000000437e-05
-4.480000000000000475e-05
-4.476000000000000513e-05
-4.472000000000000551e-05
-4.468000000000000590e-05
-4.464000000000000628e-05
-4.460000000000000666e-05
-4.456000000000000705e-05
-4.452000000000000743e-05
-4.448000000000000781e-05
-4.444000000000000142e-05
-4.440000000000000180e-05
-4.436000000000000219e-05
-4.432000000000000257e-05
-4.428000000000000295e-05
-4.424000000000000333e-05
-4.420000000000000372e-05
-4.416000000000000410e-05
-4.412000000000000448e-05
-4.408000000000000487e-05
-4.404000000000000525e-05
-4.400000000000000563e-05
-4.396000000000000602e-05
-4.392000000000000640e-05
-4.388000000000000678e-05
-4.384000000000000716e-05
-4.380000000000000755e-05
-4.376000000000000793e-05
-4.372000000000000154e-05
-4.368000000000000192e-05
-4.364000000000000230e-05
-4.360000000000000269e-05
-4.356000000000000307e-05
-4.352000000000000345e-05
-4.348000000000000383e-05
-4.344000000000000422e-05
-4.340000000000000460e-05
-4.336000000000000498e-05
-4.332000000000000537e-05
-4.328000000000000575e-05
-4.324000000000000613e-05
-4.320000000000000652e-05
-4.316000000000000690e-05
-4.312000000000000728e-05
-4.308000000000000766e-05
-4.304000000000000805e-05
-4.300000000000000165e-05
-4.296000000000000204e-05
-4.292000000000000242e-05
-4.288000000000000280e-05
-4.284000000000000319e-05
-4.280000000000000357e-05
-4.276000000000000395e-05
-4.272000000000000433e-05
-4.268000000000000472e-05
-4.264000000000000510e-05
-4.260000000000000548e-05
-4.256000000000000587e-05
-4.252000000000000625e-05
-4.248000000000000663e-05
-4.244000000000000702e-05
-4.240000000000000740e-05
-4.236000000000000778e-05
-4.232000000000000139e-05
-4.228000000000000177e-05
-4.224000000000000215e-05
-4.220000000000000254e-05
-4.216000000000000292e-05
-4.212000000000000330e-05
-4.208000000000000369e-05
-4.204000000000000407e-05
-4.200000000000000445e-05
-4.196000000000000484e-05
-4.192000000000000522e-05
-4.188000000000000560e-05
-4.184000000000000598e-05
-4.180000000000000637e-05
-4.176000000000000675e-05
-4.172000000000000713e-05
-4.168000000000000752e-05
-4.164000000000000790e-05
-4.160000000000000151e-05
-4.156000000000000189e-05
-4.152000000000000227e-05
-4.148000000000000265e-05
-4.144000000000000304e-05
-4.140000000000000342e-05
-4.136000000000000380e-05
-4.132000000000000419e-05
-4.128000000000000457e-05
-4.124000000000000495e-05
-4.120000000000000534e-05
-4.116000000000000572e-05
-4.112000000000000610e-05
-4.108000000000000648e-05
-4.104000000000000687e-05
-4.100000000000000725e-05
-4.096000000000000763e-05
-4.092000000000000802e-05
-4.088000000000000162e-05
-4.084000000000000201e-05
-4.080000000000000239e-05
-4.076000000000000277e-05
-4.072000000000000315e-05
-4.068000000000000354e-05
-4.064000000000000392e-05
-4.060000000000000430e-05
-4.056000000000000469e-05
-4.052000000000000507e-05
-4.048000000000000545e-05
-4.044000000000000584e-05
-4.040000000000000622e-05
-4.036000000000000660e-05
-4.032000000000000698e-05
-4.028000000000000737e-05
-4.024000000000000775e-05
-4.020000000000000136e-05
-4.016000000000000174e-05
-4.012000000000000212e-05
-4.008000000000000251e-05
-4.004000000000000289e-05
-4.000000000000000327e-05
-3.996000000000000366e-05
-3.992000000000000404e-05
-3.988000000000000442e-05
-3.984000000000000480e-05
-3.980000000000000519e-05
-3.976000000000000557e-05
-3.972000000000000595e-05
-3.968000000000000634e-05
-3.964000000000000672e-05
-3.960000000000000710e-05
-3.956000000000000748e-05
-3.952000000000000787e-05
-3.948000000000000147e-05
-3.944000000000000186e-05
-3.940000000000000224e-05
-3.936000000000000262e-05
-3.932000000000000301e-05
-3.928000000000000339e-05
-3.924000000000000377e-05
-3.920000000000000416e-05
-3.916000000000000454e-05
-3.912000000000000492e-05
-3.908000000000000530e-05
-3.904000000000000569e-05
-3.900000000000000607e-05
-3.896000000000000645e-05
-3.892000000000000684e-05
-3.888000000000000722e-05
-3.884000000000000760e-05
-3.880000000000000799e-05
-3.876000000000000159e-05
-3.872000000000000197e-05
-3.868000000000000236e-05
-3.864000000000000274e-05
-3.860000000000000312e-05
-3.856000000000000351e-05
-3.852000000000000389e-05
-3.848000000000000427e-05
-3.844000000000000466e-05
-3.840000000000000504e-05
-3.836000000000000542e-05
-3.832000000000000580e-05
-3.828000000000000619e-05
-3.824000000000000657e-05
-3.820000000000000695e-05
-3.816000000000000734e-05
-3.812000000000000772e-05
-3.808000000000000133e-05
-3.804000000000000171e-05
-3.800000000000000209e-05
-3.796000000000000248e-05
-3.792000000000000286e-05
-3.788000000000000324e-05
-3.784000000000000362e-05
-3.780000000000000401e-05
-3.776000000000000439e-05
-3.772000000000000477e-05
-3.768000000000000516e-05
-3.764000000000000554e-05
-3.760000000000000592e-05
-3.756000000000000630e-05
-3.752000000000000669e-05
-3.748000000000000707e-05
-3.744000000000000745e-05
-3.740000000000000784e-05
-3.736000000000000144e-05
-3.732000000000000183e-05
-3.728000000000000221e-05
-3.724000000000000259e-05
-3.720000000000000298e-05
-3.716000000000000336e-05
-3.712000000000000374e-05
-3.708000000000000412e-05
-3.704000000000000451e-05
-3.700000000000000489e-05
-3.696000000000000527e-05
-3.692000000000000566e-05
-3.688000000000000604e-05
-3.684000000000000642e-05
-3.680000000000000681e-05
-3.676000000000000719e-05
-3.672000000000000757e-05
-3.668000000000000118e-05
-3.664000000000000156e-05
-3.660000000000000194e-05
-3.656000000000000233e-05
-3.652000000000000271e-05
-3.648000000000000309e-05
-3.644000000000000348e-05
-3.640000000000000386e-05
-3.636000000000000424e-05
-3.632000000000000462e-05
-3.628000000000000501e-05
-3.624000000000000539e-05
-3.620000000000000577e-05
-3.616000000000000616e-05
-3.612000000000000654e-05
-3.608000000000000692e-05
-3.604000000000000731e-05
-3.600000000000000769e-05
-3.596000000000000130e-05
-3.592000000000000168e-05
-3.588000000000000206e-05
-3.584000000000000244e-05
-3.580000000000000283e-05
-3.576000000000000321e-05
-3.572000000000000359e-05
-3.568000000000000398e-05
-3.564000000000000436e-05
-3.560000000000000474e-05
-3.556000000000000512e-05
-3.552000000000000551e-05
-3.548000000000000589e-05
-3.544000000000000627e-05
-3.540000000000000666e-05
-3.536000000000000704e-05
-3.532000000000000742e-05
-3.528000000000000781e-05
-3.524000000000000141e-05
-3.520000000000000180e-05
-3.516000000000000218e-05
-3.512000000000000256e-05
-3.508000000000000294e-05
-3.504000000000000333e-05
-3.500000000000000371e-05
-3.496000000000000409e-05
-3.492000000000000448e-05
-3.488000000000000486e-05
-3.484000000000000524e-05
-3.480000000000000563e-05
-3.476000000000000601e-05
-3.472000000000000639e-05
-3.468000000000000677e-05
-3.464000000000000716e-05
-3.460000000000000754e-05
-3.456000000000000115e-05
-3.452000000000000153e-05
-3.448000000000000191e-05
-3.444000000000000230e-05
-3.440000000000000268e-05
-3.436000000000000306e-05
-3.432000000000000344e-05
-3.428000000000000383e-05
-3.424000000000000421e-05
-3.420000000000000459e-05
-3.416000000000000498e-05
-3.412000000000000536e-05
-3.408000000000000574e-05
-3.404000000000000613e-05
-3.400000000000000651e-05
-3.396000000000000689e-05
-3.392000000000000727e-05
-3.388000000000000766e-05
-3.384000000000000126e-05
-3.380000000000000165e-05
-3.376000000000000203e-05
-3.372000000000000241e-05
-3.368000000000000280e-05
-3.364000000000000318e-05
-3.360000000000000356e-05
-3.356000000000000394e-05
-3.352000000000000433e-05
-3.348000000000000471e-05
-3.344000000000000509e-05
-3.340000000000000548e-05
-3.336000000000000586e-05
-3.332000000000000624e-05
-3.328000000000000663e-05
-3.324000000000000701e-05
-3.320000000000000739e-05
-3.316000000000000777e-05
-3.312000000000000138e-05
-3.308000000000000176e-05
-3.304000000000000215e-05
-3.300000000000000253e-05
-3.296000000000000291e-05
-3.292000000000000330e-05
-3.288000000000000368e-05
-3.284000000000000406e-05
-3.280000000000000444e-05
-3.276000000000000483e-05
-3.272000000000000521e-05
-3.268000000000000559e-05
-3.264000000000000598e-05
-3.260000000000000636e-05
-3.256000000000000674e-05
-3.252000000000000713e-05
-3.248000000000000751e-05
-3.244000000000000112e-05
-3.240000000000000150e-05
-3.236000000000000188e-05
-3.232000000000000226e-05
-3.228000000000000265e-05
-3.224000000000000303e-05
-3.220000000000000341e-05
-3.216000000000000380e-05
-3.212000000000000418e-05
-3.208000000000000456e-05
-3.204000000000000495e-05
-3.200000000000000533e-05
-3.196000000000000571e-05
-3.192000000000000609e-05
-3.188000000000000648e-05
-3.184000000000000686e-05
-3.180000000000000724e-05
-3.176000000000000763e-05
-3.172000000000000123e-05
-3.168000000000000162e-05
-3.164000000000000200e-05
-3.160000000000000238e-05
-3.156000000000000276e-05
-3.152000000000000315e-05
-3.148000000000000353e-05
-3.144000000000000391e-05
-3.140000000000000430e-05
-3.136000000000000468e-05
-3.132000000000000506e-05
-3.128000000000000545e-05
-3.124000000000000583e-05
-3.120000000000000621e-05
-3.116000000000000659e-05
-3.112000000000000698e-05
-3.108000000000000736e-05
-3.104000000000000774e-05
-3.100000000000000135e-05
-3.096000000000000173e-05
-3.092000000000000212e-05
-3.088000000000000250e-05
-3.084000000000000288e-05
-3.080000000000000326e-05
-3.076000000000000365e-05
-3.072000000000000403e-05
-3.068000000000000441e-05
-3.064000000000000480e-05
-3.060000000000000518e-05
-3.056000000000000556e-05
-3.052000000000000595e-05
-3.048000000000000633e-05
-3.044000000000000671e-05
-3.040000000000000709e-05
-3.036000000000000748e-05
-3.032000000000000108e-05
-3.028000000000000147e-05
-3.024000000000000185e-05
-3.020000000000000223e-05
-3.016000000000000262e-05
-3.012000000000000300e-05
-3.008000000000000338e-05
-3.004000000000000377e-05
-3.000000000000000415e-05
-2.996000000000000453e-05
-2.992000000000000491e-05
-2.988000000000000530e-05
-2.984000000000000568e-05
-2.980000000000000606e-05
-2.976000000000000645e-05
-2.972000000000000683e-05
-2.968000000000000721e-05
-2.964000000000000759e-05
-2.960000000000000120e-05
-2.956000000000000158e-05
-2.952000000000000197e-05
-2.948000000000000235e-05
-2.944000000000000273e-05
-2.940000000000000312e-05
-2.936000000000000350e-05
-2.932000000000000388e-05
-2.928000000000000427e-05
-2.924000000000000465e-05
-2.920000000000000503e-05
-2.916000000000000541e-05
-2.912000000000000580e-05
-2.908000000000000618e-05
-2.904000000000000656e-05
-2.900000000000000695e-05
-2.896000000000000733e-05
-2.892000000000000094e-05
-2.888000000000000810e-05
-2.884000000000000170e-05
-2.880000000000000886e-05
-2.876000000000000247e-05
-2.872000000000000963e-05
-2.868000000000000323e-05
-2.864000000000001039e-05
-2.860000000000000400e-05
-2.855999999999999761e-05
-2.852000000000000477e-05
-2.847999999999999837e-05
-2.844000000000000553e-05
-2.839999999999999914e-05
-2.836000000000000630e-05
-2.831999999999999990e-05
-2.828000000000000706e-05
-2.824000000000000067e-05
-2.820000000000000783e-05
-2.816000000000000144e-05
-2.812000000000000860e-05
-2.808000000000000220e-05
-2.804000000000000936e-05
-2.800000000000000297e-05
-2.796000000000001013e-05
-2.792000000000000373e-05
-2.788000000000001089e-05
-2.784000000000000450e-05
-2.779999999999999811e-05
-2.776000000000000527e-05
-2.771999999999999887e-05
-2.768000000000000603e-05
-2.763999999999999964e-05
-2.760000000000000680e-05
-2.756000000000000040e-05
-2.752000000000000756e-05
-2.748000000000000117e-05
-2.744000000000000833e-05
-2.740000000000000194e-05
-2.736000000000000910e-05
-2.732000000000000270e-05
-2.728000000000000986e-05
-2.724000000000000347e-05
-2.720000000000001063e-05
-2.716000000000000423e-05
-2.711999999999999784e-05
-2.708000000000000500e-05
-2.703999999999999861e-05
-2.700000000000000577e-05
-2.695999999999999937e-05
-2.692000000000000653e-05
-2.688000000000000014e-05
-2.684000000000000730e-05
-2.680000000000000090e-05
-2.676000000000000806e-05
-2.672000000000000167e-05
-2.668000000000000883e-05
-2.664000000000000244e-05
-2.660000000000000960e-05
-2.656000000000000320e-05
-2.652000000000001036e-05
-2.648000000000000397e-05
-2.643999999999999758e-05
-2.640000000000000473e-05
-2.635999999999999834e-05
-2.632000000000000550e-05
-2.627999999999999911e-05
-2.624000000000000627e-05
-2.619999999999999987e-05
-2.616000000000000703e-05
-2.612000000000000064e-05
-2.608000000000000780e-05
-2.604000000000000141e-05
-2.600000000000000856e-05
-2.596000000000000217e-05
-2.592000000000000933e-05
-2.588000000000000294e-05
-2.584000000000001010e-05
-2.580000000000000370e-05
-2.576000000000001086e-05
-2.572000000000000447e-05
-2.567999999999999808e-05
-2.564000000000000523e-05
-2.559999999999999884e-05
-2.556000000000000600e-05
-2.551999999999999961e-05
-2.548000000000000677e-05
-2.544000000000000037e-05
-2.540000000000000753e-05
-2.536000000000000114e-05
-2.532000000000000830e-05
-2.528000000000000191e-05
-2.524000000000000906e-05
-2.520000000000000267e-05
-2.516000000000000983e-05
-2.512000000000000344e-05
-2.508000000000001060e-05
-2.504000000000000420e-05
-2.499999999999999781e-05
-2.496000000000000497e-05
-2.491999999999999858e-05
-2.488000000000000574e-05
-2.483999999999999934e-05
-2.480000000000000650e-05
-2.476000000000000011e-05
-2.472000000000000727e-05
-2.468000000000000087e-05
-2.464000000000000803e-05
-2.460000000000000164e-05
-2.456000000000000880e-05
-2.452000000000000241e-05
-2.448000000000000956e-05
-2.444000000000000317e-05
-2.440000000000001033e-05
-2.436000000000000394e-05
-2.431999999999999754e-05
-2.428000000000000470e-05
-2.423999999999999831e-05
-2.420000000000000547e-05
-2.415999999999999908e-05
-2.412000000000000624e-05
-2.407999999999999984e-05
-2.404000000000000700e-05
-2.400000000000000061e-05
-2.396000000000000777e-05
-2.392000000000000137e-05
-2.388000000000000853e-05
-2.384000000000000214e-05
-2.380000000000000930e-05
-2.376000000000000291e-05
-2.372000000000001007e-05
-2.368000000000000367e-05
-2.364000000000001083e-05
-2.360000000000000444e-05
-2.355999999999999804e-05
-2.352000000000000520e-05
-2.347999999999999881e-05
-2.344000000000000597e-05
-2.339999999999999958e-05
-2.336000000000000674e-05
-2.332000000000000034e-05
-2.328000000000000750e-05
-2.324000000000000111e-05
-2.320000000000000827e-05
-2.316000000000000187e-05
-2.312000000000000903e-05
-2.308000000000000264e-05
-2.304000000000000980e-05
-2.300000000000000341e-05
-2.296000000000001057e-05
-2.292000000000000417e-05
-2.287999999999999778e-05
-2.284000000000000494e-05
-2.279999999999999854e-05
-2.276000000000000570e-05
-2.271999999999999931e-05
-2.268000000000000647e-05
-2.264000000000000008e-05
-2.260000000000000724e-05
-2.256000000000000084e-05
-2.252000000000000800e-05
-2.248000000000000161e-05
-2.244000000000000877e-05
-2.240000000000000237e-05
-2.236000000000000953e-05
-2.232000000000000314e-05
-2.228000000000001030e-05
-2.224000000000000391e-05
-2.219999999999999751e-05
-2.216000000000000467e-05
-2.211999999999999828e-05
-2.208000000000000544e-05
-2.203999999999999905e-05
-2.200000000000000620e-05
-2.195999999999999981e-05
-2.192000000000000697e-05
-2.188000000000000058e-05
-2.184000000000000774e-05
-2.180000000000000134e-05
-2.176000000000000850e-05
-2.172000000000000211e-05
-2.168000000000000927e-05
-2.164000000000000287e-05
-2.160000000000001003e-05
-2.156000000000000364e-05
-2.152000000000001080e-05
-2.148000000000000441e-05
-2.143999999999999801e-05
-2.140000000000000517e-05
-2.135999999999999878e-05
-2.132000000000000594e-05
-2.127999999999999955e-05
-2.124000000000000670e-05
-2.120000000000000031e-05
-2.116000000000000747e-05
-2.112000000000000108e-05
-2.108000000000000824e-05
-2.104000000000000184e-05
-2.100000000000000900e-05
-2.096000000000000261e-05
-2.092000000000000977e-05
-2.088000000000000338e-05
-2.084000000000001053e-05
-2.080000000000000414e-05
-2.075999999999999775e-05
-2.072000000000000491e-05
-2.067999999999999851e-05
-2.064000000000000567e-05
-2.059999999999999928e-05
-2.056000000000000644e-05
-2.052000000000000005e-05
-2.048000000000000720e-05
-2.044000000000000081e-05
-2.040000000000000797e-05
-2.036000000000000158e-05
-2.032000000000000874e-05
-2.028000000000000234e-05
-2.024000000000000950e-05
-2.020000000000000311e-05
-2.016000000000001027e-05
-2.012000000000000388e-05
-2.007999999999999748e-05
-2.004000000000000464e-05
-1.999999999999999825e-05
-1.996000000000000541e-05
-1.991999999999999901e-05
-1.988000000000000617e-05
-1.983999999999999978e-05
-1.980000000000000694e-05
-1.976000000000000055e-05
-1.972000000000000771e-05
-1.968000000000000131e-05
-1.964000000000000847e-05
-1.960000000000000208e-05
-1.956000000000000924e-05
-1.952000000000000284e-05
-1.948000000000001000e-05
-1.944000000000000361e-05
-1.940000000000001077e-05
-1.936000000000000438e-05
-1.931999999999999798e-05
-1.928000000000000514e-05
-1.923999999999999875e-05
-1.920000000000000591e-05
-1.915999999999999951e-05
-1.912000000000000667e-05
-1.908000000000000028e-05
-1.904000000000000744e-05
-1.900000000000000105e-05
-1.896000000000000821e-05
-1.892000000000000181e-05
-1.888000000000000897e-05
-1.884000000000000258e-05
-1.880000000000000974e-05
-1.876000000000000334e-05
-1.872000000000001050e-05
-1.868000000000000411e-05
-1.863999999999999772e-05
-1.860000000000000488e-05
-1.855999999999999848e-05
-1.852000000000000564e-05
-1.847999999999999925e-05
-1.844000000000000641e-05
-1.840000000000000001e-05
-1.836000000000000717e-05
-1.832000000000000078e-05
-1.828000000000000794e-05
-1.824000000000000155e-05
-1.820000000000000871e-05
-1.816000000000000231e-05
-1.812000000000000947e-05
-1.808000000000000308e-05
-1.804000000000001024e-05
-1.800000000000000384e-05
-1.795999999999999745e-05
-1.792000000000000461e-05
-1.787999999999999822e-05
-1.784000000000000538e-05
-1.779999999999999898e-05
-1.776000000000000614e-05
-1.771999999999999975e-05
-1.768000000000000691e-05
-1.764000000000000051e-05
-1.760000000000000767e-05
-1.756000000000000128e-05
-1.752000000000000844e-05
-1.748000000000000205e-05
-1.744000000000000921e-05
-1.740000000000000281e-05
-1.736000000000000997e-05
-1.732000000000000358e-05
-1.728000000000001074e-05
-1.724000000000000434e-05
-1.719999999999999795e-05
-1.716000000000000511e-05
-1.711999999999999872e-05
-1.708000000000000588e-05
-1.703999999999999948e-05
-1.700000000000000664e-05
-1.696000000000000025e-05
-1.692000000000000741e-05
-1.688000000000000101e-05
-1.684000000000000817e-05
-1.680000000000000178e-05
-1.676000000000000894e-05
-1.672000000000000255e-05
-1.668000000000000971e-05
-1.664000000000000331e-05
-1.660000000000001047e-05
-1.656000000000000408e-05
-1.651999999999999769e-05
-1.648000000000000484e-05
-1.643999999999999845e-05
-1.640000000000000561e-05
-1.635999999999999922e-05
-1.632000000000000638e-05
-1.627999999999999998e-05
-1.624000000000000714e-05
-1.620000000000000075e-05
-1.616000000000000791e-05
-1.612000000000000152e-05
-1.608000000000000867e-05
-1.604000000000000228e-05
-1.600000000000000944e-05
-1.596000000000000305e-05
-1.592000000000001021e-05
-1.588000000000000381e-05
-1.583999999999999742e-05
-1.580000000000000458e-05
-1.575999999999999819e-05
-1.572000000000000534e-05
-1.567999999999999895e-05
-1.564000000000000611e-05
-1.559999999999999972e-05
-1.556000000000000688e-05
-1.552000000000000048e-05
-1.548000000000000764e-05
-1.544000000000000125e-05
-1.540000000000000841e-05
-1.536000000000000202e-05
-1.532000000000000917e-05
-1.528000000000000278e-05
-1.524000000000000994e-05
-1.520000000000000355e-05
-1.516000000000001071e-05
-1.512000000000000431e-05
-1.507999999999999792e-05
-1.504000000000000508e-05
-1.499999999999999869e-05
-1.496000000000000585e-05
-1.491999999999999945e-05
-1.488000000000000661e-05
-1.484000000000000022e-05
-1.480000000000000738e-05
-1.476000000000000098e-05
-1.472000000000000814e-05
-1.468000000000000175e-05
-1.464000000000000891e-05
-1.460000000000000252e-05
-1.456000000000000967e-05
-1.452000000000000328e-05
-1.448000000000001044e-05
-1.444000000000000405e-05
-1.439999999999999765e-05
-1.436000000000000481e-05
-1.431999999999999842e-05
-1.428000000000000558e-05
-1.423999999999999919e-05
-1.420000000000000635e-05
-1.415999999999999995e-05
-1.412000000000000711e-05
-1.408000000000000072e-05
-1.404000000000000788e-05
-1.400000000000000148e-05
-1.396000000000000864e-05
-1.392000000000000225e-05
-1.388000000000000941e-05
-1.384000000000000302e-05
-1.380000000000001018e-05
-1.376000000000000378e-05
-1.371999999999999739e-05
-1.368000000000000455e-05
-1.363999999999999815e-05
-1.360000000000000531e-05
-1.355999999999999892e-05
-1.352000000000000608e-05
-1.347999999999999969e-05
-1.344000000000000685e-05
-1.340000000000000045e-05
-1.336000000000000761e-05
-1.332000000000000122e-05
-1.328000000000000838e-05
-1.324000000000000198e-05
-1.320000000000000914e-05
-1.316000000000000275e-05
-1.312000000000000991e-05
-1.308000000000000352e-05
-1.304000000000001068e-05
-1.300000000000000428e-05
-1.295999999999999789e-05
-1.292000000000000505e-05
-1.287999999999999865e-05
-1.284000000000000581e-05
-1.279999999999999942e-05
-1.276000000000000658e-05
-1.272000000000000019e-05
-1.268000000000000735e-05
-1.264000000000000095e-05
-1.260000000000000811e-05
-1.256000000000000172e-05
-1.252000000000000888e-05
-1.248000000000000248e-05
-1.244000000000000964e-05
-1.240000000000000325e-05
-1.236000000000001041e-05
-1.232000000000000402e-05
-1.227999999999999762e-05
-1.224000000000000478e-05
-1.219999999999999839e-05
-1.216000000000000555e-05
-1.211999999999999916e-05
-1.208000000000000631e-05
-1.203999999999999992e-05
-1.200000000000000708e-05
-1.196000000000000069e-05
-1.192000000000000785e-05
-1.188000000000000145e-05
-1.184000000000000861e-05
-1.180000000000000222e-05
-1.176000000000000938e-05
-1.172000000000000298e-05
-1.168000000000001014e-05
-1.164000000000000375e-05
-1.159999999999999736e-05
-1.156000000000000452e-05
-1.151999999999999812e-05
-1.148000000000000528e-05
-1.143999999999999889e-05
-1.140000000000000605e-05
-1.135999999999999966e-05
-1.132000000000000681e-05
-1.128000000000000042e-05
-1.124000000000000758e-05
-1.120000000000000119e-05
-1.116000000000000835e-05
-1.112000000000000195e-05
-1.108000000000000911e-05
-1.104000000000000272e-05
-1.100000000000000988e-05
-1.096000000000000349e-05
-1.092000000000001064e-05
-1.088000000000000425e-05
-1.083999999999999786e-05
-1.080000000000000502e-05
-1.075999999999999862e-05
-1.072000000000000578e-05
-1.067999999999999939e-05
-1.064000000000000655e-05
-1.060000000000000016e-05
-1.056000000000000731e-05
-1.052000000000000092e-05
-1.048000000000000808e-05
-1.044000000000000169e-05
-1.040000000000000885e-05
-1.036000000000000245e-05
-1.032000000000000961e-05
-1.028000000000000322e-05
-1.024000000000001038e-05
-1.020000000000000399e-05
-1.015999999999999759e-05
-1.012000000000000475e-05
-1.007999999999999836e-05
-1.004000000000000552e-05
-9.999999999999999124e-06
-9.960000000000006283e-06
-9.919999999999999890e-06
-9.880000000000007049e-06
-9.840000000000000656e-06
-9.800000000000007815e-06
-9.760000000000001422e-06
-9.720000000000008581e-06
-9.680000000000002188e-06
-9.640000000000009347e-06
-9.600000000000002954e-06
-9.560000000000010113e-06
-9.520000000000003720e-06
-9.479999999999997326e-06
-9.440000000000004486e-06
-9.399999999999998092e-06
-9.360000000000005252e-06
-9.319999999999998858e-06
-9.280000000000006018e-06
-9.239999999999999624e-06
-9.200000000000006783e-06
-9.160000000000000390e-06
-9.120000000000007549e-06
-9.080000000000001156e-06
-9.040000000000008315e-06
-9.000000000000001922e-06
-8.960000000000009081e-06
-8.920000000000002688e-06
-8.880000000000009847e-06
-8.840000000000003454e-06
-8.800000000000010613e-06
-8.760000000000004220e-06
-8.719999999999997827e-06
-8.680000000000004986e-06
-8.639999999999998593e-06
-8.600000000000005752e-06
-8.559999999999999359e-06
-8.520000000000006518e-06
-8.480000000000000124e-06
-8.440000000000007284e-06
-8.400000000000000890e-06
-8.360000000000008050e-06
-8.320000000000001656e-06
-8.280000000000008816e-06
-8.240000000000002422e-06
-8.200000000000009582e-06
-8.160000000000003188e-06
-8.120000000000010348e-06
-8.080000000000003954e-06
-8.039999999999997561e-06
-8.000000000000004720e-06
-7.959999999999998327e-06
-7.920000000000005486e-06
-7.879999999999999093e-06
-7.840000000000006252e-06
-7.799999999999999859e-06
-7.760000000000007018e-06
-7.720000000000000625e-06
-7.680000000000007784e-06
-7.640000000000001391e-06
-7.600000000000008550e-06
-7.560000000000002157e-06
-7.520000000000009316e-06
-7.480000000000002923e-06
-7.440000000000010082e-06
-7.400000000000003689e-06
-7.359999999999997295e-06
-7.320000000000004454e-06
-7.279999999999998061e-06
-7.240000000000005220e-06
-7.199999999999998827e-06
-7.160000000000005986e-06
-7.119999999999999593e-06
-7.080000000000006752e-06
-7.040000000000000359e-06
-7.000000000000007518e-06
-6.960000000000001125e-06
-6.920000000000008284e-06
-6.880000000000001891e-06
-6.840000000000009050e-06
-6.800000000000002657e-06
-6.760000000000009816e-06
-6.720000000000003423e-06
-6.680000000000010582e-06
-6.640000000000004189e-06
-6.599999999999997796e-06
-6.560000000000004955e-06
-6.519999999999998561e-06
-6.480000000000005721e-06
-6.439999999999999327e-06
-6.400000000000006487e-06
-6.360000000000000093e-06
-6.320000000000007253e-06
-6.280000000000000859e-06
-6.240000000000008019e-06
-6.200000000000001625e-06
-6.160000000000008785e-06
-6.120000000000002391e-06
-6.080000000000009550e-06
-6.040000000000003157e-06
-6.000000000000010316e-06
-5.960000000000003923e-06
-5.919999999999997530e-06
-5.880000000000004689e-06
-5.839999999999998296e-06
-5.800000000000005455e-06
-5.759999999999999062e-06
-5.720000000000006221e-06
-5.679999999999999828e-06
-5.640000000000006987e-06
-5.600000000000000594e-06
-5.560000000000007753e-06
-5.520000000000001360e-06
-5.480000000000008519e-06
-5.440000000000002126e-06
-5.400000000000009285e-06
-5.360000000000002891e-06
-5.320000000000010051e-06
-5.280000000000003657e-06
-5.239999999999997264e-06
-5.200000000000004423e-06
-5.159999999999998030e-06
-5.120000000000005189e-06
-5.079999999999998796e-06
-5.040000000000005955e-06
-4.999999999999999562e-06
-4.960000000000006721e-06
-4.920000000000000328e-06
-4.880000000000007487e-06
-4.840000000000001094e-06
-4.800000000000008253e-06
-4.760000000000001860e-06
-4.720000000000009019e-06
-4.680000000000002626e-06
-4.640000000000009785e-06
-4.600000000000003392e-06
-4.560000000000010551e-06
-4.520000000000004158e-06
-4.479999999999997764e-06
-4.440000000000004924e-06
-4.399999999999998530e-06
-4.360000000000005690e-06
-4.319999999999999296e-06
-4.280000000000006456e-06
-4.240000000000000062e-06
-4.200000000000007221e-06
-4.160000000000000828e-06
-4.120000000000007987e-06
-4.080000000000001594e-06
-4.040000000000008753e-06
-4.000000000000002360e-06
-3.960000000000009519e-06
-3.920000000000003126e-06
-3.880000000000010285e-06
-3.840000000000003892e-06
-3.799999999999997499e-06
-3.760000000000004658e-06
-3.719999999999998265e-06
-3.680000000000005424e-06
-3.639999999999999031e-06
-3.600000000000006190e-06
-3.559999999999999797e-06
-3.520000000000006956e-06
-3.480000000000000563e-06
-3.440000000000007722e-06
-3.400000000000001328e-06
-3.360000000000008488e-06
-3.320000000000002094e-06
-3.280000000000009254e-06
-3.240000000000002860e-06
-3.200000000000010020e-06
-3.160000000000003626e-06
-3.119999999999997233e-06
-3.080000000000004392e-06
-3.039999999999997999e-06
-3.000000000000005158e-06
-2.959999999999998765e-06
-2.920000000000005924e-06
-2.879999999999999531e-06
-2.840000000000006690e-06
-2.800000000000000297e-06
-2.760000000000007456e-06
-2.720000000000001063e-06
-2.680000000000008222e-06
-2.640000000000001829e-06
-2.600000000000008988e-06
-2.560000000000002595e-06
-2.520000000000009754e-06
-2.480000000000003361e-06
-2.440000000000010520e-06
-2.400000000000004127e-06
-2.359999999999997733e-06
-2.320000000000004893e-06
-2.279999999999998499e-06
-2.240000000000005658e-06
-2.199999999999999265e-06
-2.160000000000006424e-06
-2.120000000000000031e-06
-2.080000000000007190e-06
-2.040000000000000797e-06
-2.000000000000007956e-06
-1.960000000000001563e-06
-1.920000000000008722e-06
-1.880000000000002329e-06
-1.840000000000009488e-06
-1.800000000000003095e-06
-1.760000000000010254e-06
-1.720000000000003861e-06
-1.679999999999997468e-06
-1.640000000000004627e-06
-1.599999999999998234e-06
-1.560000000000005393e-06
-1.519999999999998999e-06
-1.480000000000006159e-06
-1.439999999999999765e-06
-1.400000000000006925e-06
-1.360000000000000531e-06
-1.320000000000007691e-06
-1.280000000000001297e-06
-1.240000000000008457e-06
-1.200000000000002063e-06
-1.160000000000009223e-06
-1.120000000000002829e-06
-1.080000000000009988e-06
-1.040000000000003595e-06
-9.999999999999972019e-07
-9.600000000000043611e-07
-9.199999999999979678e-07
-8.800000000000051271e-07
-8.399999999999987338e-07
-8.000000000000058930e-07
-7.599999999999994997e-07
-7.200000000000066590e-07
-6.800000000000002657e-07
-6.400000000000074249e-07
-6.000000000000010316e-07
-5.600000000000081909e-07
-5.200000000000017976e-07
-4.800000000000089568e-07
-4.400000000000025635e-07
-4.000000000000097228e-07
-3.600000000000033295e-07
-3.200000000000104887e-07
-2.800000000000040954e-07
-2.399999999999977022e-07
-2.000000000000048614e-07
-1.599999999999984681e-07
-1.200000000000056273e-07
-7.999999999999923405e-08
-4.000000000000639329e-08
0.000000000000000000e+00
3.999999999999284076e-08
7.999999999999923405e-08
1.199999999999920748e-07
1.599999999999984681e-07
1.999999999999913089e-07
2.399999999999977022e-07
2.799999999999905429e-07
3.199999999999969362e-07
3.599999999999897770e-07
3.999999999999961703e-07
4.400000000000025635e-07
4.799999999999954043e-07
5.200000000000017976e-07
5.599999999999946384e-07
6.000000000000010316e-07
6.399999999999938724e-07
6.800000000000002657e-07
7.199999999999931065e-07
7.599999999999994997e-07
7.999999999999923405e-07
8.399999999999987338e-07
8.799999999999915746e-07
9.199999999999979678e-07
9.599999999999908086e-07
9.999999999999972019e-07
1.039999999999990043e-06
1.079999999999996436e-06
1.120000000000002829e-06
1.159999999999995670e-06
1.200000000000002063e-06
1.239999999999994904e-06
1.280000000000001297e-06
1.319999999999994138e-06
1.360000000000000531e-06
1.399999999999993372e-06
1.439999999999999765e-06
1.479999999999992606e-06
1.519999999999998999e-06
1.559999999999991840e-06
1.599999999999998234e-06
1.639999999999991074e-06
1.679999999999997468e-06
1.719999999999990308e-06
1.759999999999996702e-06
1.799999999999989542e-06
1.839999999999995936e-06
1.880000000000002329e-06
1.919999999999995170e-06
1.960000000000001563e-06
1.999999999999994404e-06
2.040000000000000797e-06
2.079999999999993638e-06
2.120000000000000031e-06
2.159999999999992872e-06
2.199999999999999265e-06
2.239999999999992106e-06
2.279999999999998499e-06
2.319999999999991340e-06
2.359999999999997733e-06
2.399999999999990574e-06
2.439999999999996967e-06
2.479999999999989808e-06
2.519999999999996201e-06
2.560000000000002595e-06
2.599999999999995435e-06
2.640000000000001829e-06
2.679999999999994669e-06
2.720000000000001063e-06
2.759999999999993904e-06
2.800000000000000297e-06
2.839999999999993138e-06
2.879999999999999531e-06
2.919999999999992372e-06
2.959999999999998765e-06
2.999999999999991606e-06
3.039999999999997999e-06
3.079999999999990840e-06
3.119999999999997233e-06
3.159999999999990074e-06
3.199999999999996467e-06
3.240000000000002860e-06
3.279999999999995701e-06
3.320000000000002094e-06
3.359999999999994935e-06
3.400000000000001328e-06
3.439999999999994169e-06
3.480000000000000563e-06
3.519999999999993403e-06
3.559999999999999797e-06
3.599999999999992637e-06
3.639999999999999031e-06
3.679999999999991871e-06
3.719999999999998265e-06
3.759999999999991105e-06
3.799999999999997499e-06
3.839999999999990339e-06
3.879999999999996733e-06
3.919999999999989574e-06
3.959999999999995967e-06
4.000000000000002360e-06
4.039999999999995201e-06
4.080000000000001594e-06
4.119999999999994435e-06
4.160000000000000828e-06
4.199999999999993669e-06
4.240000000000000062e-06
4.279999999999992903e-06
4.319999999999999296e-06
4.359999999999992137e-06
4.399999999999998530e-06
4.439999999999991371e-06
4.479999999999997764e-06
4.519999999999990605e-06
4.559999999999996998e-06
4.599999999999989839e-06
4.639999999999996232e-06
4.680000000000002626e-06
4.719999999999995467e-06
4.760000000000001860e-06
4.799999999999994701e-06
4.840000000000001094e-06
4.879999999999993935e-06
4.920000000000000328e-06
4.959999999999993169e-06
4.999999999999999562e-06
5.039999999999992403e-06
5.079999999999998796e-06
5.119999999999991637e-06
5.159999999999998030e-06
5.199999999999990871e-06
5.239999999999997264e-06
5.279999999999990105e-06
5.319999999999996498e-06
5.360000000000002891e-06
5.399999999999995732e-06
5.440000000000002126e-06
5.479999999999994966e-06
5.520000000000001360e-06
5.559999999999994200e-06
5.600000000000000594e-06
5.639999999999993434e-06
5.679999999999999828e-06
5.719999999999992668e-06
5.759999999999999062e-06
5.799999999999991902e-06
5.839999999999998296e-06
5.879999999999991137e-06
5.919999999999997530e-06
5.959999999999990371e-06
5.999999999999996764e-06
6.039999999999989605e-06
6.079999999999995998e-06
6.120000000000002391e-06
6.159999999999995232e-06
6.200000000000001625e-06
6.239999999999994466e-06
6.280000000000000859e-06
6.319999999999993700e-06
6.360000000000000093e-06
6.399999999999992934e-06
6.439999999999999327e-06
6.479999999999992168e-06
6.519999999999998561e-06
6.559999999999991402e-06
6.599999999999997796e-06
6.639999999999990636e-06
6.679999999999997030e-06
6.719999999999989870e-06
6.759999999999996264e-06
6.800000000000002657e-06
6.839999999999995498e-06
6.880000000000001891e-06
6.919999999999994732e-06
6.960000000000001125e-06
6.999999999999993966e-06
7.040000000000000359e-06
7.079999999999993200e-06
7.119999999999999593e-06
7.159999999999992434e-06
7.199999999999998827e-06
7.239999999999991668e-06
7.279999999999998061e-06
7.319999999999990902e-06
7.359999999999997295e-06
7.399999999999990136e-06
7.439999999999996529e-06
7.480000000000002923e-06
7.519999999999995763e-06
7.560000000000002157e-06
7.599999999999994997e-06
7.640000000000001391e-06
7.679999999999994231e-06
7.720000000000000625e-06
7.759999999999993466e-06
7.799999999999999859e-06
7.839999999999992700e-06
7.879999999999999093e-06
7.919999999999991934e-06
7.959999999999998327e-06
7.999999999999991168e-06
8.039999999999997561e-06
8.079999999999990402e-06
8.119999999999996795e-06
8.159999999999989636e-06
8.199999999999996029e-06
8.240000000000002422e-06
8.279999999999995263e-06
8.320000000000001656e-06
8.359999999999994497e-06
8.400000000000000890e-06
8.439999999999993731e-06
8.480000000000000124e-06
8.519999999999992965e-06
8.559999999999999359e-06
8.599999999999992199e-06
8.639999999999998593e-06
8.679999999999991433e-06
8.719999999999997827e-06
8.759999999999990667e-06
8.799999999999997061e-06
8.839999999999989901e-06
8.879999999999996295e-06
8.920000000000002688e-06
8.959999999999995529e-06
9.000000000000001922e-06
9.039999999999994763e-06
9.080000000000001156e-06
9.119999999999993997e-06
9.160000000000000390e-06
9.199999999999993231e-06
9.239999999999999624e-06
9.279999999999992465e-06
9.319999999999998858e-06
9.359999999999991699e-06
9.399999999999998092e-06
9.439999999999990933e-06
9.479999999999997326e-06
9.519999999999990167e-06
9.559999999999996560e-06
9.600000000000002954e-06
9.639999999999995794e-06
9.680000000000002188e-06
9.719999999999995029e-06
9.760000000000001422e-06
9.799999999999994263e-06
9.840000000000000656e-06
9.879999999999993497e-06
9.919999999999999890e-06
9.959999999999992731e-06
