-4.996000000000000278e-05
-4.992000000000000316e-05
-4.988000000000000355e-05
-4.984000000000000393e-05
-4.980000000000000431e-05
-4.976000000000000469e-05
-4.972000000000000508e-05
-4.968000000000000546e-05
-4.964000000000000584e-05
-4.959999999999999945e-05
-4.955999999999999983e-05
-4.952000000000000022e-05
-4.948000000000000060e-05
-4.944000000000000098e-05
-4.940000000000000136e-05
-4.936000000000000175e-05
-4.932000000000000213e-05
-4.928000000000000251e-05
-4.924000000000000290e-05
-4.920000000000000328e-05
-4.916000000000000366e-05
-4.912000000000000405e-05
-4.908000000000000443e-05
-4.904000000000000481e-05
-4.900000000000000519e-05
-4.896000000000000558e-05
-4.892000000000000596e-05
-4.887999999999999957e-05
-4.883999999999999995e-05
-4.880000000000000033e-05
-4.876000000000000072e-05
-4.872000000000000110e-05
-4.868000000000000148e-05
-4.864000000000000186e-05
-4.860000000000000225e-05
-4.856000000000000263e-05
-4.852000000000000301e-05
-4.848000000000000340e-05
-4.844000000000000378e-05
-4.840000000000000416e-05
-4.836000000000000455e-05
-4.832000000000000493e-05
-4.828000000000000531e-05
-4.824000000000000569e-05
-4.820000000000000608e-05
-4.815999999999999968e-05
-4.812000000000000007e-05
-4.808000000000000045e-05
-4.804000000000000083e-05
-4.800000000000000122e-05
-4.796000000000000160e-05
-4.792000000000000198e-05
-4.788000000000000236e-05
-4.784000000000000275e-05
-4.780000000000000313e-05
-4.776000000000000351e-05
-4.772000000000000390e-05
-4.768000000000000428e-05
-4.764000000000000466e-05
-4.760000000000000505e-05
-4.756000000000000543e-05
-4.752000000000000581e-05
-4.747999999999999942e-05
-4.743999999999999980e-05
-4.740000000000000018e-05
-4.736000000000000057e-05
-4.732000000000000095e-05
-4.728000000000000133e-05
-4.724000000000000172e-05
-4.720000000000000210e-05
-4.716000000000000248e-05
-4.712000000000000287e-05
-4.708000000000000325e-05
-4.704000000000000363e-05
-4.700000000000000401e-05
-4.696000000000000440e-05
-4.692000000000000478e-05
-4.688000000000000516e-05
-4.684000000000000555e-05
-4.679999999999999915e-05
-4.676000000000000631e-05
-4.671999999999999992e-05
-4.668000000000000030e-05
-4.664000000000000068e-05
-4.660000000000000107e-05
-4.656000000000000145e-05
-4.652000000000000183e-05
-4.648000000000000222e-05
-4.644000000000000260e-05
-4.640000000000000298e-05
-4.636000000000000337e-05
-4.632000000000000375e-05
-4.628000000000000413e-05
-4.624000000000000451e-05
-4.620000000000000490e-05
-4.616000000000000528e-05
-4.611999999999999889e-05
-4.608000000000000605e-05
-4.603999999999999965e-05
-4.600000000000000004e-05
-4.596000000000000042e-05
-4.592000000000000080e-05
-4.588000000000000118e-05
-4.584000000000000157e-05
-4.580000000000000195e-05
-4.576000000000000233e-05
-4.572000000000000272e-05
-4.568000000000000310e-05
-4.564000000000000348e-05
-4.560000000000000387e-05
-4.556000000000000425e-05
-4.552000000000000463e-05
-4.548000000000000501e-05
-4.544000000000000540e-05
-4.540000000000000578e-05
-4.535999999999999939e-05
-4.531999999999999977e-05
-4.528000000000000015e-05
-4.524000000000000054e-05
-4.520000000000000092e-05
-4.516000000000000130e-05
-4.512000000000000169e-05
-4.508000000000000207e-05
-4.504000000000000245e-05
-4.500000000000000283e-05
-4.496000000000000322e-05
-4.492000000000000360e-05
-4.488000000000000398e-05
-4.484000000000000437e-05
-4.480000000000000475e-05
-4.476000000000000513e-05
-4.472000000000000551e-05
-4.467999999999999912e-05
-4.464000000000000628e-05
-4.459999999999999989e-05
-4.456000000000000027e-05
-4.452000000000000065e-05
-4.448000000000000104e-05
-4.444000000000000142e-05
-4.440000000000000180e-05
-4.436000000000000219e-05
-4.432000000000000257e-05
-4.428000000000000295e-05
-4.424000000000000333e-05
-4.420000000000000372e-05
-4.416000000000000410e-05
-4.412000000000000448e-05
-4.408000000000000487e-05
-4.404000000000000525e-05
-4.399999999999999886e-05
-4.396000000000000602e-05
-4.391999999999999962e-05
-4.388000000000000000e-05
-4.384000000000000039e-05
-4.380000000000000077e-05
-4.376000000000000115e-05
-4.372000000000000154e-05
-4.368000000000000192e-05
-4.364000000000000230e-05
-4.360000000000000269e-05
-4.356000000000000307e-05
-4.352000000000000345e-05
-4.348000000000000383e-05
-4.344000000000000422e-05
-4.340000000000000460e-05
-4.336000000000000498e-05
-4.332000000000000537e-05
-4.328000000000000575e-05
-4.323999999999999936e-05
-4.319999999999999974e-05
-4.316000000000000012e-05
-4.312000000000000051e-05
-4.308000000000000089e-05
-4.304000000000000127e-05
-4.300000000000000165e-05
-4.296000000000000204e-05
-4.292000000000000242e-05
-4.288000000000000280e-05
-4.284000000000000319e-05
-4.280000000000000357e-05
-4.276000000000000395e-05
-4.272000000000000433e-05
-4.268000000000000472e-05
-4.264000000000000510e-05
-4.260000000000000548e-05
-4.255999999999999909e-05
-4.252000000000000625e-05
-4.247999999999999986e-05
-4.244000000000000024e-05
-4.240000000000000062e-05
-4.236000000000000101e-05
-4.232000000000000139e-05
-4.228000000000000177e-05
-4.224000000000000215e-05
-4.220000000000000254e-05
-4.216000000000000292e-05
-4.212000000000000330e-05
-4.208000000000000369e-05
-4.204000000000000407e-05
-4.200000000000000445e-05
-4.196000000000000484e-05
-4.192000000000000522e-05
-4.187999999999999882e-05
-4.184000000000000598e-05
-4.179999999999999959e-05
-4.176000000000000675e-05
-4.172000000000000036e-05
-4.168000000000000074e-05
-4.164000000000000112e-05
-4.160000000000000151e-05
-4.156000000000000189e-05
-4.152000000000000227e-05
-4.148000000000000265e-05
-4.144000000000000304e-05
-4.140000000000000342e-05
-4.136000000000000380e-05
-4.132000000000000419e-05
-4.128000000000000457e-05
-4.124000000000000495e-05
-4.119999999999999856e-05
-4.116000000000000572e-05
-4.111999999999999933e-05
-4.108000000000000648e-05
-4.104000000000000009e-05
-4.100000000000000047e-05
-4.096000000000000086e-05
-4.092000000000000124e-05
-4.088000000000000162e-05
-4.084000000000000201e-05
-4.080000000000000239e-05
-4.076000000000000277e-05
-4.072000000000000315e-05
-4.068000000000000354e-05
-4.064000000000000392e-05
-4.060000000000000430e-05
-4.056000000000000469e-05
-4.052000000000000507e-05
-4.048000000000000545e-05
-4.043999999999999906e-05
-4.040000000000000622e-05
-4.035999999999999983e-05
-4.032000000000000021e-05
-4.028000000000000059e-05
-4.024000000000000097e-05
-4.020000000000000136e-05
-4.016000000000000174e-05
-4.012000000000000212e-05
-4.008000000000000251e-05
-4.004000000000000289e-05
-4.000000000000000327e-05
-3.996000000000000366e-05
-3.992000000000000404e-05
-3.988000000000000442e-05
-3.984000000000000480e-05
-3.980000000000000519e-05
-3.975999999999999879e-05
-3.972000000000000595e-05
-3.967999999999999956e-05
-3.964000000000000672e-05
-3.960000000000000033e-05
-3.956000000000000071e-05
-3.952000000000000109e-05
-3.948000000000000147e-05
-3.944000000000000186e-05
-3.940000000000000224e-05
-3.936000000000000262e-05
-3.932000000000000301e-05
-3.928000000000000339e-05
-3.924000000000000377e-05
-3.920000000000000416e-05
-3.916000000000000454e-05
-3.912000000000000492e-05
-3.907999999999999853e-05
-3.904000000000000569e-05
-3.899999999999999929e-05
-3.896000000000000645e-05
-3.892000000000000006e-05
-3.888000000000000044e-05
-3.884000000000000083e-05
-3.880000000000000121e-05
-3.876000000000000159e-05
-3.872000000000000197e-05
-3.868000000000000236e-05
-3.864000000000000274e-05
-3.860000000000000312e-05
-3.856000000000000351e-05
-3.852000000000000389e-05
-3.848000000000000427e-05
-3.844000000000000466e-05
-3.840000000000000504e-05
-3.836000000000000542e-05
-3.831999999999999903e-05
-3.828000000000000619e-05
-3.823999999999999979e-05
-3.820000000000000018e-05
-3.816000000000000056e-05
-3.812000000000000094e-05
-3.808000000000000133e-05
-3.804000000000000171e-05
-3.800000000000000209e-05
-3.796000000000000248e-05
-3.792000000000000286e-05
-3.788000000000000324e-05
-3.784000000000000362e-05
-3.780000000000000401e-05
-3.776000000000000439e-05
-3.772000000000000477e-05
-3.768000000000000516e-05
-3.763999999999999876e-05
-3.760000000000000592e-05
-3.755999999999999953e-05
-3.752000000000000669e-05
-3.748000000000000029e-05
-3.744000000000000068e-05
-3.740000000000000106e-05
-3.736000000000000144e-05
-3.732000000000000183e-05
-3.728000000000000221e-05
-3.724000000000000259e-05
-3.720000000000000298e-05
-3.716000000000000336e-05
-3.712000000000000374e-05
-3.708000000000000412e-05
-3.704000000000000451e-05
-3.700000000000000489e-05
-3.695999999999999850e-05
-3.692000000000000566e-05
-3.687999999999999926e-05
-3.684000000000000642e-05
-3.680000000000000003e-05
-3.676000000000000041e-05
-3.672000000000000079e-05
-3.668000000000000118e-05
-3.664000000000000156e-05
-3.660000000000000194e-05
-3.656000000000000233e-05
-3.652000000000000271e-05
-3.648000000000000309e-05
-3.644000000000000348e-05
-3.640000000000000386e-05
-3.636000000000000424e-05
-3.632000000000000462e-05
-3.628000000000000501e-05
-3.624000000000000539e-05
-3.619999999999999900e-05
-3.616000000000000616e-05
-3.611999999999999976e-05
-3.608000000000000015e-05
-3.604000000000000053e-05
-3.600000000000000091e-05
-3.596000000000000130e-05
-3.592000000000000168e-05
-3.588000000000000206e-05
-3.584000000000000244e-05
-3.580000000000000283e-05
-3.576000000000000321e-05
-3.572000000000000359e-05
-3.568000000000000398e-05
-3.564000000000000436e-05
-3.560000000000000474e-05
-3.556000000000000512e-05
-3.551999999999999873e-05
-3.548000000000000589e-05
-3.543999999999999950e-05
-3.540000000000000666e-05
-3.536000000000000026e-05
-3.532000000000000065e-05
-3.528000000000000103e-05
-3.524000000000000141e-05
-3.520000000000000180e-05
-3.516000000000000218e-05
-3.512000000000000256e-05
-3.508000000000000294e-05
-3.504000000000000333e-05
-3.500000000000000371e-05
-3.496000000000000409e-05
-3.492000000000000448e-05
-3.488000000000000486e-05
-3.483999999999999847e-05
-3.480000000000000563e-05
-3.475999999999999923e-05
-3.472000000000000639e-05
-3.468000000000000000e-05
-3.464000000000000716e-05
-3.460000000000000076e-05
-3.456000000000000115e-05
-3.452000000000000153e-05
-3.448000000000000191e-05
-3.444000000000000230e-05
-3.440000000000000268e-05
-3.436000000000000306e-05
-3.432000000000000344e-05
-3.428000000000000383e-05
-3.423999999999999743e-05
-3.420000000000000459e-05
-3.415999999999999820e-05
-3.412000000000000536e-05
-3.407999999999999897e-05
-3.404000000000000613e-05
-3.399999999999999973e-05
-3.396000000000000689e-05
-3.392000000000000050e-05
-3.388000000000000088e-05
-3.384000000000000126e-05
-3.380000000000000165e-05
-3.376000000000000203e-05
-3.372000000000000241e-05
-3.368000000000000280e-05
-3.364000000000000318e-05
-3.360000000000000356e-05
-3.356000000000000394e-05
-3.352000000000000433e-05
-3.347999999999999793e-05
-3.344000000000000509e-05
-3.339999999999999870e-05
-3.336000000000000586e-05
-3.331999999999999947e-05
-3.328000000000000663e-05
-3.324000000000000023e-05
-3.320000000000000739e-05
-3.316000000000000100e-05
-3.312000000000000138e-05
-3.308000000000000176e-05
-3.304000000000000215e-05
-3.300000000000000253e-05
-3.296000000000000291e-05
-3.292000000000000330e-05
-3.288000000000000368e-05
-3.284000000000000406e-05
-3.279999999999999767e-05
-3.276000000000000483e-05
-3.271999999999999843e-05
-3.268000000000000559e-05
-3.263999999999999920e-05
-3.260000000000000636e-05
-3.255999999999999997e-05
-3.252000000000000713e-05
-3.248000000000000073e-05
-3.244000000000000112e-05
-3.240000000000000150e-05
-3.236000000000000188e-05
-3.232000000000000226e-05
-3.228000000000000265e-05
-3.224000000000000303e-05
-3.220000000000000341e-05
-3.216000000000000380e-05
-3.211999999999999740e-05
-3.208000000000000456e-05
-3.203999999999999817e-05
-3.200000000000000533e-05
-3.195999999999999893e-05
-3.192000000000000609e-05
-3.187999999999999970e-05
-3.184000000000000686e-05
-3.180000000000000047e-05
-3.176000000000000085e-05
-3.172000000000000123e-05
-3.168000000000000162e-05
-3.164000000000000200e-05
-3.160000000000000238e-05
-3.156000000000000276e-05
-3.152000000000000315e-05
-3.148000000000000353e-05
-3.144000000000000391e-05
-3.140000000000000430e-05
-3.135999999999999790e-05
-3.132000000000000506e-05
-3.127999999999999867e-05
-3.124000000000000583e-05
-3.119999999999999944e-05
-3.116000000000000659e-05
-3.112000000000000020e-05
-3.108000000000000736e-05
-3.104000000000000097e-05
-3.100000000000000135e-05
-3.096000000000000173e-05
-3.092000000000000212e-05
-3.088000000000000250e-05
-3.084000000000000288e-05
-3.080000000000000326e-05
-3.076000000000000365e-05
-3.072000000000000403e-05
-3.067999999999999764e-05
-3.064000000000000480e-05
-3.059999999999999840e-05
-3.056000000000000556e-05
-3.051999999999999917e-05
-3.048000000000000294e-05
-3.044000000000000332e-05
-3.040000000000000371e-05
-3.036000000000000070e-05
-3.032000000000000108e-05
-3.028000000000000147e-05
-3.024000000000000185e-05
-3.020000000000000223e-05
-3.016000000000000262e-05
-3.012000000000000300e-05
-3.008000000000000338e-05
-3.004000000000000377e-05
-3.000000000000000076e-05
-2.996000000000000114e-05
-2.992000000000000153e-05
-2.988000000000000191e-05
-2.984000000000000229e-05
-2.980000000000000267e-05
-2.976000000000000306e-05
-2.972000000000000344e-05
-2.968000000000000382e-05
-2.964000000000000082e-05
-2.960000000000000120e-05
-2.956000000000000158e-05
-2.952000000000000197e-05
-2.948000000000000235e-05
-2.944000000000000273e-05
-2.940000000000000312e-05
-2.936000000000000350e-05
-2.932000000000000388e-05
-2.928000000000000088e-05
-2.924000000000000126e-05
-2.920000000000000164e-05
-2.916000000000000203e-05
-2.912000000000000241e-05
-2.908000000000000279e-05
-2.904000000000000318e-05
-2.900000000000000356e-05
-2.896000000000000394e-05
-2.892000000000000094e-05
-2.888000000000000132e-05
-2.884000000000000170e-05
-2.880000000000000208e-05
-2.876000000000000247e-05
-2.872000000000000285e-05
-2.868000000000000323e-05
-2.864000000000000362e-05
-2.860000000000000400e-05
-2.856000000000000099e-05
-2.852000000000000138e-05
-2.848000000000000176e-05
-2.844000000000000214e-05
-2.840000000000000253e-05
-2.836000000000000291e-05
-2.832000000000000329e-05
-2.828000000000000368e-05
-2.824000000000000067e-05
-2.820000000000000105e-05
-2.816000000000000144e-05
-2.812000000000000182e-05
-2.808000000000000220e-05
-2.804000000000000259e-05
-2.800000000000000297e-05
-2.796000000000000335e-05
-2.792000000000000373e-05
-2.788000000000000073e-05
-2.784000000000000111e-05
-2.780000000000000149e-05
-2.776000000000000188e-05
-2.772000000000000226e-05
-2.768000000000000264e-05
-2.764000000000000303e-05
-2.760000000000000341e-05
-2.756000000000000379e-05
-2.752000000000000079e-05
-2.748000000000000117e-05
-2.744000000000000155e-05
-2.740000000000000194e-05
-2.736000000000000232e-05
-2.732000000000000270e-05
-2.728000000000000309e-05
-2.724000000000000347e-05
-2.720000000000000385e-05
-2.716000000000000085e-05
-2.712000000000000123e-05
-2.708000000000000161e-05
-2.704000000000000200e-05
-2.700000000000000238e-05
-2.696000000000000276e-05
-2.692000000000000314e-05
-2.688000000000000353e-05
-2.684000000000000391e-05
-2.680000000000000090e-05
-2.676000000000000129e-05
-2.672000000000000167e-05
-2.668000000000000205e-05
-2.664000000000000244e-05
-2.660000000000000282e-05
-2.656000000000000320e-05
-2.652000000000000359e-05
-2.648000000000000397e-05
-2.644000000000000096e-05
-2.640000000000000135e-05
-2.636000000000000173e-05
-2.632000000000000211e-05
-2.628000000000000250e-05
-2.624000000000000288e-05
-2.620000000000000326e-05
-2.616000000000000364e-05
-2.612000000000000064e-05
-2.608000000000000102e-05
-2.604000000000000141e-05
-2.600000000000000179e-05
-2.596000000000000217e-05
-2.592000000000000255e-05
-2.588000000000000294e-05
-2.584000000000000332e-05
-2.580000000000000370e-05
-2.576000000000000070e-05
-2.572000000000000108e-05
-2.568000000000000146e-05
-2.564000000000000185e-05
-2.560000000000000223e-05
-2.556000000000000261e-05
-2.552000000000000300e-05
-2.548000000000000338e-05
-2.544000000000000376e-05
-2.540000000000000076e-05
-2.536000000000000114e-05
-2.532000000000000152e-05
-2.528000000000000191e-05
-2.524000000000000229e-05
-2.520000000000000267e-05
-2.516000000000000305e-05
-2.512000000000000344e-05
-2.508000000000000382e-05
-2.504000000000000082e-05
-2.500000000000000120e-05
-2.496000000000000158e-05
-2.492000000000000196e-05
-2.488000000000000235e-05
-2.484000000000000273e-05
-2.480000000000000311e-05
-2.476000000000000350e-05
-2.472000000000000388e-05
-2.468000000000000087e-05
-2.464000000000000126e-05
-2.460000000000000164e-05
-2.456000000000000202e-05
-2.452000000000000241e-05
-2.448000000000000279e-05
-2.444000000000000317e-05
-2.440000000000000355e-05
-2.436000000000000394e-05
-2.432000000000000093e-05
-2.428000000000000132e-05
-2.424000000000000170e-05
-2.420000000000000208e-05
-2.416000000000000246e-05
-2.412000000000000285e-05
-2.408000000000000323e-05
-2.404000000000000361e-05
-2.400000000000000061e-05
-2.396000000000000099e-05
-2.392000000000000137e-05
-2.388000000000000176e-05
-2.384000000000000214e-05
-2.380000000000000252e-05
-2.376000000000000291e-05
-2.372000000000000329e-05
-2.368000000000000367e-05
-2.364000000000000067e-05
-2.360000000000000105e-05
-2.356000000000000143e-05
-2.352000000000000182e-05
-2.348000000000000220e-05
-2.344000000000000258e-05
-2.340000000000000296e-05
-2.336000000000000335e-05
-2.332000000000000373e-05
-2.328000000000000073e-05
-2.324000000000000111e-05
-2.320000000000000149e-05
-2.316000000000000187e-05
-2.312000000000000226e-05
-2.308000000000000264e-05
-2.304000000000000302e-05
-2.300000000000000341e-05
-2.296000000000000379e-05
-2.292000000000000078e-05
-2.288000000000000117e-05
-2.284000000000000155e-05
-2.280000000000000193e-05
-2.276000000000000232e-05
-2.272000000000000270e-05
-2.268000000000000308e-05
-2.264000000000000346e-05
-2.260000000000000385e-05
-2.256000000000000084e-05
-2.252000000000000123e-05
-2.248000000000000161e-05
-2.244000000000000199e-05
-2.240000000000000237e-05
-2.236000000000000276e-05
-2.232000000000000314e-05
-2.228000000000000352e-05
-2.224000000000000052e-05
-2.220000000000000090e-05
-2.216000000000000128e-05
-2.212000000000000167e-05
-2.208000000000000205e-05
-2.204000000000000243e-05
-2.200000000000000282e-05
-2.196000000000000320e-05
-2.192000000000000358e-05
-2.188000000000000058e-05
-2.184000000000000096e-05
-2.180000000000000134e-05
-2.176000000000000173e-05
-2.172000000000000211e-05
-2.168000000000000249e-05
-2.164000000000000287e-05
-2.160000000000000326e-05
-2.156000000000000364e-05
-2.152000000000000064e-05
-2.148000000000000102e-05
-2.144000000000000140e-05
-2.140000000000000178e-05
-2.136000000000000217e-05
-2.132000000000000255e-05
-2.128000000000000293e-05
-2.124000000000000332e-05
-2.120000000000000370e-05
-2.116000000000000069e-05
-2.112000000000000108e-05
-2.108000000000000146e-05
-2.104000000000000184e-05
-2.100000000000000223e-05
-2.096000000000000261e-05
-2.092000000000000299e-05
-2.088000000000000338e-05
-2.084000000000000376e-05
-2.080000000000000075e-05
-2.076000000000000114e-05
-2.072000000000000152e-05
-2.068000000000000190e-05
-2.064000000000000228e-05
-2.060000000000000267e-05
-2.056000000000000305e-05
-2.052000000000000343e-05
-2.048000000000000382e-05
-2.044000000000000081e-05
-2.040000000000000119e-05
-2.036000000000000158e-05
-2.032000000000000196e-05
-2.028000000000000234e-05
-2.024000000000000273e-05
-2.020000000000000311e-05
-2.016000000000000349e-05
-2.012000000000000049e-05
-2.008000000000000087e-05
-2.004000000000000125e-05
-2.000000000000000164e-05
-1.996000000000000202e-05
-1.992000000000000240e-05
-1.988000000000000278e-05
-1.984000000000000317e-05
-1.980000000000000355e-05
-1.976000000000000055e-05
-1.972000000000000093e-05
-1.968000000000000131e-05
-1.964000000000000169e-05
-1.960000000000000208e-05
-1.956000000000000246e-05
-1.952000000000000284e-05
-1.948000000000000323e-05
-1.944000000000000361e-05
-1.940000000000000399e-05
-1.936000000000000438e-05
-1.932000000000000476e-05
-1.928000000000000514e-05
-1.923999999999999875e-05
-1.919999999999999913e-05
-1.915999999999999951e-05
-1.911999999999999990e-05
-1.908000000000000028e-05
-1.904000000000000066e-05
-1.900000000000000105e-05
-1.896000000000000143e-05
-1.892000000000000181e-05
-1.888000000000000219e-05
-1.884000000000000258e-05
-1.880000000000000296e-05
-1.876000000000000334e-05
-1.872000000000000373e-05
-1.868000000000000411e-05
-1.864000000000000449e-05
-1.860000000000000488e-05
-1.856000000000000526e-05
-1.851999999999999887e-05
-1.847999999999999925e-05
-1.843999999999999963e-05
-1.840000000000000001e-05
-1.836000000000000040e-05
-1.832000000000000078e-05
-1.828000000000000116e-05
-1.824000000000000155e-05
-1.820000000000000193e-05
-1.816000000000000231e-05
-1.812000000000000270e-05
-1.808000000000000308e-05
-1.804000000000000346e-05
-1.800000000000000384e-05
-1.796000000000000423e-05
-1.792000000000000461e-05
-1.788000000000000499e-05
-1.784000000000000538e-05
-1.779999999999999898e-05
-1.775999999999999937e-05
-1.771999999999999975e-05
-1.768000000000000013e-05
-1.764000000000000051e-05
-1.760000000000000090e-05
-1.756000000000000128e-05
-1.752000000000000166e-05
-1.748000000000000205e-05
-1.744000000000000243e-05
-1.740000000000000281e-05
-1.736000000000000320e-05
-1.732000000000000358e-05
-1.728000000000000396e-05
-1.724000000000000434e-05
-1.720000000000000473e-05
-1.716000000000000511e-05
-1.711999999999999872e-05
-1.707999999999999910e-05
-1.703999999999999948e-05
-1.699999999999999987e-05
-1.696000000000000025e-05
-1.692000000000000063e-05
-1.688000000000000101e-05
-1.684000000000000140e-05
-1.680000000000000178e-05
-1.676000000000000216e-05
-1.672000000000000255e-05
-1.668000000000000293e-05
-1.664000000000000331e-05
-1.660000000000000370e-05
-1.656000000000000408e-05
-1.652000000000000446e-05
-1.648000000000000484e-05
-1.644000000000000523e-05
-1.639999999999999883e-05
-1.635999999999999922e-05
-1.631999999999999960e-05
-1.627999999999999998e-05
-1.624000000000000037e-05
-1.620000000000000075e-05
-1.616000000000000113e-05
-1.612000000000000152e-05
-1.608000000000000190e-05
-1.604000000000000228e-05
-1.600000000000000266e-05
-1.596000000000000305e-05
-1.592000000000000343e-05
-1.588000000000000381e-05
-1.584000000000000420e-05
-1.580000000000000458e-05
-1.576000000000000496e-05
-1.572000000000000534e-05
-1.567999999999999895e-05
-1.563999999999999933e-05
-1.559999999999999972e-05
-1.556000000000000010e-05
-1.552000000000000048e-05
-1.548000000000000087e-05
-1.544000000000000125e-05
-1.540000000000000163e-05
-1.536000000000000202e-05
-1.532000000000000240e-05
-1.528000000000000278e-05
-1.524000000000000316e-05
-1.520000000000000355e-05
-1.516000000000000393e-05
-1.512000000000000431e-05
-1.508000000000000470e-05
-1.504000000000000508e-05
-1.499999999999999869e-05
-1.495999999999999907e-05
-1.491999999999999945e-05
-1.487999999999999983e-05
-1.484000000000000022e-05
-1.480000000000000060e-05
-1.476000000000000098e-05
-1.472000000000000137e-05
-1.468000000000000175e-05
-1.464000000000000213e-05
-1.460000000000000252e-05
-1.456000000000000290e-05
-1.452000000000000328e-05
-1.448000000000000366e-05
-1.444000000000000405e-05
-1.440000000000000443e-05
-1.436000000000000481e-05
-1.432000000000000520e-05
-1.427999999999999880e-05
-1.423999999999999919e-05
-1.419999999999999957e-05
-1.415999999999999995e-05
-1.412000000000000034e-05
-1.408000000000000072e-05
-1.404000000000000110e-05
-1.400000000000000148e-05
-1.396000000000000187e-05
-1.392000000000000225e-05
-1.388000000000000263e-05
-1.384000000000000302e-05
-1.380000000000000340e-05
-1.376000000000000378e-05
-1.372000000000000416e-05
-1.368000000000000455e-05
-1.364000000000000493e-05
-1.360000000000000531e-05
-1.355999999999999892e-05
-1.351999999999999930e-05
-1.347999999999999969e-05
-1.344000000000000007e-05
-1.340000000000000045e-05
-1.336000000000000084e-05
-1.332000000000000122e-05
-1.328000000000000160e-05
-1.324000000000000198e-05
-1.320000000000000237e-05
-1.316000000000000275e-05
-1.312000000000000313e-05
-1.308000000000000352e-05
-1.304000000000000390e-05
-1.300000000000000428e-05
-1.296000000000000467e-05
-1.292000000000000505e-05
-1.287999999999999865e-05
-1.283999999999999904e-05
-1.279999999999999942e-05
-1.275999999999999980e-05
-1.272000000000000019e-05
-1.268000000000000057e-05
-1.264000000000000095e-05
-1.260000000000000134e-05
-1.256000000000000172e-05
-1.252000000000000210e-05
-1.248000000000000248e-05
-1.244000000000000287e-05
-1.240000000000000325e-05
-1.236000000000000363e-05
-1.232000000000000402e-05
-1.228000000000000440e-05
-1.224000000000000478e-05
-1.220000000000000517e-05
-1.215999999999999877e-05
-1.211999999999999916e-05
-1.207999999999999954e-05
-1.203999999999999992e-05
-1.200000000000000030e-05
-1.196000000000000069e-05
-1.192000000000000107e-05
-1.188000000000000145e-05
-1.184000000000000184e-05
-1.180000000000000222e-05
-1.176000000000000260e-05
-1.172000000000000298e-05
-1.168000000000000337e-05
-1.164000000000000375e-05
-1.160000000000000413e-05
-1.156000000000000452e-05
-1.152000000000000490e-05
-1.148000000000000528e-05
-1.143999999999999889e-05
-1.139999999999999927e-05
-1.135999999999999966e-05
-1.132000000000000004e-05
-1.128000000000000042e-05
-1.124000000000000080e-05
-1.120000000000000119e-05
-1.116000000000000157e-05
-1.112000000000000195e-05
-1.108000000000000234e-05
-1.104000000000000272e-05
-1.100000000000000310e-05
-1.096000000000000349e-05
-1.092000000000000387e-05
-1.088000000000000425e-05
-1.084000000000000463e-05
-1.080000000000000502e-05
-1.075999999999999862e-05
-1.071999999999999901e-05
-1.067999999999999939e-05
-1.063999999999999977e-05
-1.060000000000000016e-05
-1.056000000000000054e-05
-1.052000000000000092e-05
-1.048000000000000130e-05
-1.044000000000000169e-05
-1.040000000000000207e-05
-1.036000000000000245e-05
-1.032000000000000284e-05
-1.028000000000000322e-05
-1.024000000000000360e-05
-1.020000000000000399e-05
-1.016000000000000437e-05
-1.012000000000000475e-05
-1.008000000000000513e-05
-1.003999999999999874e-05
-9.999999999999999124e-06
-9.959999999999999507e-06
-9.919999999999999890e-06
-9.880000000000000273e-06
-9.840000000000000656e-06
-9.800000000000001039e-06
-9.760000000000001422e-06
-9.720000000000001805e-06
-9.680000000000002188e-06
-9.640000000000002571e-06
-9.600000000000002954e-06
-9.560000000000003337e-06
-9.520000000000003720e-06
-9.480000000000004103e-06
-9.440000000000004486e-06
-9.400000000000004869e-06
-9.360000000000005252e-06
-9.319999999999998858e-06
-9.279999999999999241e-06
-9.239999999999999624e-06
-9.200000000000000007e-06
-9.160000000000000390e-06
-9.120000000000000773e-06
-9.080000000000001156e-06
-9.040000000000001539e-06
-9.000000000000001922e-06
-8.960000000000002305e-06
-8.920000000000002688e-06
-8.880000000000003071e-06
-8.840000000000003454e-06
-8.800000000000003837e-06
-8.760000000000004220e-06
-8.720000000000004603e-06
-8.680000000000004986e-06
-8.639999999999998593e-06
-8.599999999999998976e-06
-8.559999999999999359e-06
-8.519999999999999742e-06
-8.480000000000000124e-06
-8.440000000000000507e-06
-8.400000000000000890e-06
-8.360000000000001273e-06
-8.320000000000001656e-06
-8.280000000000002039e-06
-8.240000000000002422e-06
-8.200000000000002805e-06
-8.160000000000003188e-06
-8.120000000000003571e-06
-8.080000000000003954e-06
-8.040000000000004337e-06
-8.000000000000004720e-06
-7.960000000000005103e-06
-7.919999999999998710e-06
-7.879999999999999093e-06
-7.839999999999999476e-06
-7.799999999999999859e-06
-7.760000000000000242e-06
-7.720000000000000625e-06
-7.680000000000001008e-06
-7.640000000000001391e-06
-7.600000000000001774e-06
-7.560000000000002157e-06
-7.520000000000002540e-06
-7.480000000000002923e-06
-7.440000000000003306e-06
-7.400000000000003689e-06
-7.360000000000004072e-06
-7.320000000000004454e-06
-7.280000000000004837e-06
-7.240000000000005220e-06
-7.199999999999998827e-06
-7.159999999999999210e-06
-7.119999999999999593e-06
-7.079999999999999976e-06
-7.040000000000000359e-06
-7.000000000000000742e-06
-6.960000000000001125e-06
-6.920000000000001508e-06
-6.880000000000001891e-06
-6.840000000000002274e-06
-6.800000000000002657e-06
-6.760000000000003040e-06
-6.720000000000003423e-06
-6.680000000000003806e-06
-6.640000000000004189e-06
-6.600000000000004572e-06
-6.560000000000004955e-06
-6.519999999999998561e-06
-6.479999999999998944e-06
-6.439999999999999327e-06
-6.399999999999999710e-06
-6.360000000000000093e-06
-6.320000000000000476e-06
-6.280000000000000859e-06
-6.240000000000001242e-06
-6.200000000000001625e-06
-6.160000000000002008e-06
-6.120000000000002391e-06
-6.080000000000002774e-06
-6.040000000000003157e-06
-6.000000000000003540e-06
-5.960000000000003923e-06
-5.920000000000004306e-06
-5.880000000000004689e-06
-5.840000000000005072e-06
-5.799999999999998679e-06
-5.759999999999999062e-06
-5.719999999999999445e-06
-5.679999999999999828e-06
-5.640000000000000211e-06
-5.600000000000000594e-06
-5.560000000000000977e-06
-5.520000000000001360e-06
-5.480000000000001743e-06
-5.440000000000002126e-06
-5.400000000000002508e-06
-5.360000000000002891e-06
-5.320000000000003274e-06
-5.280000000000003657e-06
-5.240000000000004040e-06
-5.200000000000004423e-06
-5.160000000000004806e-06
-5.120000000000005189e-06
-5.079999999999998796e-06
-5.039999999999999179e-06
-4.999999999999999562e-06
-4.959999999999999945e-06
-4.920000000000000328e-06
-4.880000000000000711e-06
-4.840000000000001094e-06
-4.800000000000001477e-06
-4.760000000000001860e-06
-4.720000000000002243e-06
-4.680000000000002626e-06
-4.640000000000003009e-06
-4.600000000000003392e-06
-4.560000000000003775e-06
-4.520000000000004158e-06
-4.480000000000004541e-06
-4.440000000000004924e-06
-4.399999999999998530e-06
-4.359999999999998913e-06
-4.319999999999999296e-06
-4.279999999999999679e-06
-4.240000000000000062e-06
-4.200000000000000445e-06
-4.160000000000000828e-06
-4.120000000000001211e-06
-4.080000000000001594e-06
-4.040000000000001977e-06
-4.000000000000002360e-06
-3.960000000000002743e-06
-3.920000000000003126e-06
-3.880000000000003509e-06
-3.840000000000003892e-06
-3.800000000000004275e-06
-3.760000000000004658e-06
-3.720000000000005041e-06
-3.679999999999998648e-06
-3.639999999999999031e-06
-3.599999999999999414e-06
-3.559999999999999797e-06
-3.520000000000000180e-06
-3.480000000000000563e-06
-3.440000000000000945e-06
-3.400000000000001328e-06
-3.360000000000001711e-06
-3.320000000000002094e-06
-3.280000000000002477e-06
-3.240000000000002860e-06
-3.200000000000003243e-06
-3.160000000000003626e-06
-3.120000000000004009e-06
-3.080000000000004392e-06
-3.040000000000004775e-06
-3.000000000000005158e-06
-2.959999999999998765e-06
-2.919999999999999148e-06
-2.879999999999999531e-06
-2.839999999999999914e-06
-2.800000000000000297e-06
-2.760000000000000680e-06
-2.720000000000001063e-06
-2.680000000000001446e-06
-2.640000000000001829e-06
-2.600000000000002212e-06
-2.560000000000002595e-06
-2.520000000000002978e-06
-2.480000000000003361e-06
-2.440000000000003744e-06
-2.400000000000004127e-06
-2.360000000000004510e-06
-2.320000000000004893e-06
-2.279999999999998499e-06
-2.239999999999998882e-06
-2.199999999999999265e-06
-2.159999999999999648e-06
-2.120000000000000031e-06
-2.080000000000000414e-06
-2.040000000000000797e-06
-2.000000000000001180e-06
-1.960000000000001563e-06
-1.920000000000001946e-06
-1.880000000000002329e-06
-1.840000000000002712e-06
-1.800000000000003095e-06
-1.760000000000003478e-06
-1.720000000000003861e-06
-1.680000000000004244e-06
-1.640000000000004627e-06
-1.600000000000005010e-06
-1.559999999999998617e-06
-1.519999999999998999e-06
-1.479999999999999382e-06
-1.439999999999999765e-06
-1.400000000000000148e-06
-1.360000000000000531e-06
-1.320000000000000914e-06
-1.280000000000001297e-06
-1.240000000000001680e-06
-1.200000000000002063e-06
-1.160000000000002446e-06
-1.120000000000002829e-06
-1.080000000000003212e-06
-1.040000000000003595e-06
-1.000000000000003978e-06
-9.600000000000043611e-07
-9.200000000000047441e-07
-8.800000000000051271e-07
-8.399999999999987338e-07
-7.999999999999991168e-07
-7.599999999999994997e-07
-7.199999999999998827e-07
-6.800000000000002657e-07
-6.400000000000006487e-07
-6.000000000000010316e-07
-5.600000000000014146e-07
-5.200000000000017976e-07
-4.800000000000021806e-07
-4.400000000000025635e-07
-4.000000000000029465e-07
-3.600000000000033295e-07
-3.200000000000037125e-07
-2.800000000000040954e-07
-2.400000000000044784e-07
-2.000000000000048614e-07
-1.599999999999984681e-07
-1.199999999999988511e-07
-7.999999999999923405e-08
-3.999999999999961703e-08
0.000000000000000000e+00
3.999999999999961703e-08
7.999999999999923405e-08
1.199999999999988511e-07
1.599999999999984681e-07
1.999999999999980851e-07
2.399999999999977022e-07
2.799999999999973192e-07
3.199999999999969362e-07
3.599999999999965532e-07
3.999999999999961703e-07
4.399999999999957873e-07
4.799999999999954043e-07
5.199999999999950213e-07
5.600000000000014146e-07
6.000000000000010316e-07
6.400000000000006487e-07
6.800000000000002657e-07
7.199999999999998827e-07
7.599999999999994997e-07
7.999999999999991168e-07
8.399999999999987338e-07
8.799999999999983508e-07
9.199999999999979678e-07
9.599999999999975849e-07
9.999999999999972019e-07
1.039999999999996819e-06
1.079999999999996436e-06
1.119999999999996053e-06
1.159999999999995670e-06
1.199999999999995287e-06
1.239999999999994904e-06
1.280000000000001297e-06
1.320000000000000914e-06
1.360000000000000531e-06
1.400000000000000148e-06
1.439999999999999765e-06
1.479999999999999382e-06
1.519999999999998999e-06
1.559999999999998617e-06
1.599999999999998234e-06
1.639999999999997851e-06
1.679999999999997468e-06
1.719999999999997085e-06
1.759999999999996702e-06
1.799999999999996319e-06
1.839999999999995936e-06
1.879999999999995553e-06
1.919999999999995170e-06
1.960000000000001563e-06
2.000000000000001180e-06
2.040000000000000797e-06
2.080000000000000414e-06
2.120000000000000031e-06
2.159999999999999648e-06
2.199999999999999265e-06
2.239999999999998882e-06
2.279999999999998499e-06
2.319999999999998116e-06
2.359999999999997733e-06
2.399999999999997350e-06
2.439999999999996967e-06
2.479999999999996584e-06
2.519999999999996201e-06
2.559999999999995818e-06
2.599999999999995435e-06
2.639999999999995052e-06
2.680000000000001446e-06
2.720000000000001063e-06
2.760000000000000680e-06
2.800000000000000297e-06
2.839999999999999914e-06
2.879999999999999531e-06
2.919999999999999148e-06
2.959999999999998765e-06
2.999999999999998382e-06
3.039999999999997999e-06
3.079999999999997616e-06
3.119999999999997233e-06
3.159999999999996850e-06
3.199999999999996467e-06
3.239999999999996084e-06
3.279999999999995701e-06
3.319999999999995318e-06
3.360000000000001711e-06
3.400000000000001328e-06
3.440000000000000945e-06
3.480000000000000563e-06
3.520000000000000180e-06
3.559999999999999797e-06
3.599999999999999414e-06
3.639999999999999031e-06
3.679999999999998648e-06
3.719999999999998265e-06
3.759999999999997882e-06
3.799999999999997499e-06
3.839999999999997116e-06
3.879999999999996733e-06
3.919999999999996350e-06
3.959999999999995967e-06
3.999999999999995584e-06
4.039999999999995201e-06
4.080000000000001594e-06
4.120000000000001211e-06
4.160000000000000828e-06
4.200000000000000445e-06
4.240000000000000062e-06
4.279999999999999679e-06
4.319999999999999296e-06
4.359999999999998913e-06
4.399999999999998530e-06
4.439999999999998147e-06
4.479999999999997764e-06
4.519999999999997381e-06
4.559999999999996998e-06
4.599999999999996615e-06
4.639999999999996232e-06
4.679999999999995850e-06
4.719999999999995467e-06
4.759999999999995084e-06
4.800000000000001477e-06
4.840000000000001094e-06
4.880000000000000711e-06
4.920000000000000328e-06
4.959999999999999945e-06
4.999999999999999562e-06
5.039999999999999179e-06
5.079999999999998796e-06
5.119999999999998413e-06
5.159999999999998030e-06
5.199999999999997647e-06
5.239999999999997264e-06
5.279999999999996881e-06
5.319999999999996498e-06
5.359999999999996115e-06
5.399999999999995732e-06
5.439999999999995349e-06
5.480000000000001743e-06
5.520000000000001360e-06
5.560000000000000977e-06
5.600000000000000594e-06
5.640000000000000211e-06
5.679999999999999828e-06
5.719999999999999445e-06
5.759999999999999062e-06
5.799999999999998679e-06
5.839999999999998296e-06
5.879999999999997913e-06
5.919999999999997530e-06
5.959999999999997147e-06
5.999999999999996764e-06
6.039999999999996381e-06
6.079999999999995998e-06
6.119999999999995615e-06
6.159999999999995232e-06
6.200000000000001625e-06
6.240000000000001242e-06
6.280000000000000859e-06
6.320000000000000476e-06
6.360000000000000093e-06
6.399999999999999710e-06
6.439999999999999327e-06
6.479999999999998944e-06
6.519999999999998561e-06
6.559999999999998178e-06
6.599999999999997796e-06
6.639999999999997413e-06
6.679999999999997030e-06
6.719999999999996647e-06
6.759999999999996264e-06
6.799999999999995881e-06
6.839999999999995498e-06
6.879999999999995115e-06
6.920000000000001508e-06
6.960000000000001125e-06
7.000000000000000742e-06
7.040000000000000359e-06
7.079999999999999976e-06
7.119999999999999593e-06
7.159999999999999210e-06
7.199999999999998827e-06
7.239999999999998444e-06
7.279999999999998061e-06
7.319999999999997678e-06
7.359999999999997295e-06
7.399999999999996912e-06
7.439999999999996529e-06
7.479999999999996146e-06
7.519999999999995763e-06
7.559999999999995380e-06
7.600000000000001774e-06
7.640000000000001391e-06
7.680000000000001008e-06
7.720000000000000625e-06
7.760000000000000242e-06
7.799999999999999859e-06
7.839999999999999476e-06
7.879999999999999093e-06
7.919999999999998710e-06
7.959999999999998327e-06
7.999999999999997944e-06
8.039999999999997561e-06
8.079999999999997178e-06
8.119999999999996795e-06
8.159999999999996412e-06
8.199999999999996029e-06
8.239999999999995646e-06
8.279999999999995263e-06
8.320000000000001656e-06
8.360000000000001273e-06
8.400000000000000890e-06
8.440000000000000507e-06
8.480000000000000124e-06
8.519999999999999742e-06
8.559999999999999359e-06
8.599999999999998976e-06
8.639999999999998593e-06
8.679999999999998210e-06
8.719999999999997827e-06
8.759999999999997444e-06
8.799999999999997061e-06
8.839999999999996678e-06
8.879999999999996295e-06
8.919999999999995912e-06
8.959999999999995529e-06
8.999999999999995146e-06
9.040000000000001539e-06
9.080000000000001156e-06
9.120000000000000773e-06
9.160000000000000390e-06
9.200000000000000007e-06
9.239999999999999624e-06
9.279999999999999241e-06
9.319999999999998858e-06
9.359999999999998475e-06
9.399999999999998092e-06
9.439999999999997709e-06
9.479999999999997326e-06
9.519999999999996943e-06
9.559999999999996560e-06
9.599999999999996177e-06
9.639999999999995794e-06
9.679999999999995412e-06
9.720000000000001805e-06
9.760000000000001422e-06
9.800000000000001039e-06
9.840000000000000656e-06
9.880000000000000273e-06
9.919999999999999890e-06
9.959999999999999507e-06
9.999999999999999124e-06
1.003999999999999874e-05
1.007999999999999836e-05
1.011999999999999798e-05
1.015999999999999759e-05
1.019999999999999721e-05
1.023999999999999683e-05
1.027999999999999644e-05
1.031999999999999606e-05
1.035999999999999568e-05
1.039999999999999529e-05
1.044000000000000169e-05
1.048000000000000130e-05
1.052000000000000092e-05
1.056000000000000054e-05
1.060000000000000016e-05
1.063999999999999977e-05
1.067999999999999939e-05
1.071999999999999901e-05
1.075999999999999862e-05
1.079999999999999824e-05
1.083999999999999786e-05
1.087999999999999747e-05
1.091999999999999709e-05
1.095999999999999671e-05
1.099999999999999633e-05
1.103999999999999594e-05
1.107999999999999556e-05
1.112000000000000195e-05
1.115999999999999479e-05
1.120000000000000119e-05
1.123999999999999403e-05
1.128000000000000042e-05
1.131999999999999326e-05
1.135999999999999966e-05
1.139999999999999250e-05
1.143999999999999889e-05
1.148000000000000528e-05
1.151999999999999812e-05
1.156000000000000452e-05
1.159999999999999736e-05
1.164000000000000375e-05
1.167999999999999659e-05
1.172000000000000298e-05
1.175999999999999583e-05
1.180000000000000222e-05
1.183999999999999506e-05
1.188000000000000145e-05
1.191999999999999429e-05
1.196000000000000069e-05
1.199999999999999353e-05
1.203999999999999992e-05
1.207999999999999276e-05
1.211999999999999916e-05
1.215999999999999200e-05
1.219999999999999839e-05
1.224000000000000478e-05
1.227999999999999762e-05
1.232000000000000402e-05
1.235999999999999686e-05
1.240000000000000325e-05
1.243999999999999609e-05
1.248000000000000248e-05
1.251999999999999533e-05
1.256000000000000172e-05
1.259999999999999456e-05
1.264000000000000095e-05
1.267999999999999379e-05
1.272000000000000019e-05
1.275999999999999303e-05
1.279999999999999942e-05
1.283999999999999226e-05
1.287999999999999865e-05
1.292000000000000505e-05
1.295999999999999789e-05
1.300000000000000428e-05
1.303999999999999712e-05
1.308000000000000352e-05
1.311999999999999636e-05
1.316000000000000275e-05
1.319999999999999559e-05
1.324000000000000198e-05
1.327999999999999483e-05
1.332000000000000122e-05
1.335999999999999406e-05
1.340000000000000045e-05
1.343999999999999329e-05
1.347999999999999969e-05
1.351999999999999253e-05
1.355999999999999892e-05
1.360000000000000531e-05
1.363999999999999815e-05
1.368000000000000455e-05
1.371999999999999739e-05
1.376000000000000378e-05
1.379999999999999662e-05
1.384000000000000302e-05
1.387999999999999586e-05
1.392000000000000225e-05
1.395999999999999509e-05
1.400000000000000148e-05
1.403999999999999432e-05
1.408000000000000072e-05
1.411999999999999356e-05
1.415999999999999995e-05
1.419999999999999279e-05
1.423999999999999919e-05
1.427999999999999203e-05
1.431999999999999842e-05
1.436000000000000481e-05
1.439999999999999765e-05
1.444000000000000405e-05
1.447999999999999689e-05
1.452000000000000328e-05
1.455999999999999612e-05
1.460000000000000252e-05
1.463999999999999536e-05
1.468000000000000175e-05
1.471999999999999459e-05
1.476000000000000098e-05
1.479999999999999382e-05
1.484000000000000022e-05
1.487999999999999306e-05
1.491999999999999945e-05
1.495999999999999229e-05
1.499999999999999869e-05
1.504000000000000508e-05
1.507999999999999792e-05
1.512000000000000431e-05
1.515999999999999715e-05
1.520000000000000355e-05
1.523999999999999639e-05
1.528000000000000278e-05
1.531999999999999562e-05
1.536000000000000202e-05
1.539999999999999486e-05
1.544000000000000125e-05
1.547999999999999409e-05
1.552000000000000048e-05
1.555999999999999332e-05
1.559999999999999972e-05
1.563999999999999256e-05
1.567999999999999895e-05
1.572000000000000534e-05
1.575999999999999819e-05
1.580000000000000458e-05
1.583999999999999742e-05
1.588000000000000381e-05
1.591999999999999665e-05
1.596000000000000305e-05
1.599999999999999589e-05
1.604000000000000228e-05
1.607999999999999512e-05
1.612000000000000152e-05
1.615999999999999436e-05
1.620000000000000075e-05
1.623999999999999359e-05
1.627999999999999998e-05
1.631999999999999282e-05
1.635999999999999922e-05
1.639999999999999206e-05
1.643999999999999845e-05
1.648000000000000484e-05
1.651999999999999769e-05
1.656000000000000408e-05
1.659999999999999692e-05
1.664000000000000331e-05
1.667999999999999615e-05
1.672000000000000255e-05
1.675999999999999539e-05
1.680000000000000178e-05
1.683999999999999462e-05
1.688000000000000101e-05
1.691999999999999386e-05
1.696000000000000025e-05
1.699999999999999309e-05
1.703999999999999948e-05
1.707999999999999232e-05
1.711999999999999872e-05
1.716000000000000511e-05
1.719999999999999795e-05
1.724000000000000434e-05
1.727999999999999719e-05
1.732000000000000358e-05
1.735999999999999642e-05
1.740000000000000281e-05
1.743999999999999565e-05
1.748000000000000205e-05
1.751999999999999489e-05
1.756000000000000128e-05
1.759999999999999412e-05
1.764000000000000051e-05
1.767999999999999336e-05
1.771999999999999975e-05
1.775999999999999259e-05
1.779999999999999898e-05
1.784000000000000538e-05
1.787999999999999822e-05
1.792000000000000461e-05
1.795999999999999745e-05
1.800000000000000384e-05
1.803999999999999668e-05
1.808000000000000308e-05
1.811999999999999592e-05
1.816000000000000231e-05
1.819999999999999515e-05
1.824000000000000155e-05
1.827999999999999439e-05
1.832000000000000078e-05
1.835999999999999362e-05
1.840000000000000001e-05
1.843999999999999286e-05
1.847999999999999925e-05
1.851999999999999209e-05
1.855999999999999848e-05
1.860000000000000488e-05
1.863999999999999772e-05
1.868000000000000411e-05
1.871999999999999695e-05
1.876000000000000334e-05
1.879999999999999618e-05
1.884000000000000258e-05
1.887999999999999542e-05
1.892000000000000181e-05
1.895999999999999465e-05
1.900000000000000105e-05
1.903999999999999389e-05
1.908000000000000028e-05
1.911999999999999312e-05
1.915999999999999951e-05
1.919999999999999235e-05
1.923999999999999875e-05
1.928000000000000514e-05
1.931999999999999798e-05
1.936000000000000438e-05
1.939999999999999722e-05
1.944000000000000361e-05
1.947999999999999645e-05
1.952000000000000284e-05
1.955999999999999568e-05
1.960000000000000208e-05
1.963999999999999492e-05
1.968000000000000131e-05
1.971999999999999415e-05
1.976000000000000055e-05
1.979999999999999339e-05
1.983999999999999978e-05
1.987999999999999262e-05
1.991999999999999901e-05
1.996000000000000541e-05
1.999999999999999825e-05
2.004000000000000464e-05
2.007999999999999748e-05
2.012000000000000388e-05
2.015999999999999672e-05
2.020000000000000311e-05
2.023999999999999595e-05
2.028000000000000234e-05
2.031999999999999518e-05
2.036000000000000158e-05
2.039999999999999442e-05
2.044000000000000081e-05
2.047999999999999365e-05
2.052000000000000005e-05
2.055999999999999289e-05
2.059999999999999928e-05
2.063999999999999212e-05
2.067999999999999851e-05
2.072000000000000491e-05
2.075999999999999775e-05
2.080000000000000414e-05
2.083999999999999698e-05
2.088000000000000338e-05
2.091999999999999622e-05
2.096000000000000261e-05
2.099999999999999545e-05
2.104000000000000184e-05
2.107999999999999468e-05
2.112000000000000108e-05
2.115999999999999392e-05
2.120000000000000031e-05
2.123999999999999315e-05
2.127999999999999955e-05
2.131999999999999239e-05
2.135999999999999878e-05
2.140000000000000517e-05
2.143999999999999801e-05
2.148000000000000441e-05
2.151999999999999725e-05
2.156000000000000364e-05
2.159999999999999648e-05
2.164000000000000287e-05
2.167999999999999572e-05
2.172000000000000211e-05
2.175999999999999495e-05
2.180000000000000134e-05
2.183999999999999418e-05
2.188000000000000058e-05
2.191999999999999342e-05
2.195999999999999981e-05
2.199999999999999265e-05
2.203999999999999905e-05
2.208000000000000544e-05
2.211999999999999828e-05
2.216000000000000467e-05
2.219999999999999751e-05
2.224000000000000391e-05
2.227999999999999675e-05
2.232000000000000314e-05
2.235999999999999598e-05
2.240000000000000237e-05
2.243999999999999522e-05
2.248000000000000161e-05
2.251999999999999445e-05
2.256000000000000084e-05
2.259999999999999368e-05
2.264000000000000008e-05
2.267999999999999292e-05
2.271999999999999931e-05
2.275999999999999215e-05
2.279999999999999854e-05
2.284000000000000494e-05
2.287999999999999778e-05
2.292000000000000417e-05
2.295999999999999701e-05
2.300000000000000341e-05
2.303999999999999625e-05
2.308000000000000264e-05
2.311999999999999548e-05
2.316000000000000187e-05
2.319999999999999471e-05
2.324000000000000111e-05
2.327999999999999395e-05
2.332000000000000034e-05
2.335999999999999318e-05
2.339999999999999958e-05
2.343999999999999242e-05
2.347999999999999881e-05
2.352000000000000520e-05
2.355999999999999804e-05
2.360000000000000444e-05
2.363999999999999728e-05
2.368000000000000367e-05
2.371999999999999651e-05
2.376000000000000291e-05
2.379999999999999575e-05
2.384000000000000214e-05
2.387999999999999498e-05
2.392000000000000137e-05
2.395999999999999421e-05
2.400000000000000061e-05
2.403999999999999345e-05
2.407999999999999984e-05
2.411999999999999268e-05
2.415999999999999908e-05
2.420000000000000547e-05
2.423999999999999831e-05
2.428000000000000470e-05
2.431999999999999754e-05
2.436000000000000394e-05
2.439999999999999678e-05
2.444000000000000317e-05
2.447999999999999601e-05
2.452000000000000241e-05
2.455999999999999525e-05
2.460000000000000164e-05
2.463999999999999448e-05
2.468000000000000087e-05
2.471999999999999371e-05
2.476000000000000011e-05
2.479999999999999295e-05
2.483999999999999934e-05
2.487999999999999218e-05
2.491999999999999858e-05
2.496000000000000497e-05
2.499999999999999781e-05
2.504000000000000420e-05
2.507999999999999704e-05
2.512000000000000344e-05
2.515999999999999628e-05
2.520000000000000267e-05
2.523999999999999551e-05
2.528000000000000191e-05
2.531999999999999475e-05
2.536000000000000114e-05
2.539999999999999398e-05
2.544000000000000037e-05
2.547999999999999321e-05
2.551999999999999961e-05
2.555999999999999245e-05
2.559999999999999884e-05
2.564000000000000523e-05
2.567999999999999808e-05
2.572000000000000447e-05
2.575999999999999731e-05
2.580000000000000370e-05
2.583999999999999654e-05
2.588000000000000294e-05
2.591999999999999578e-05
2.596000000000000217e-05
2.599999999999999501e-05
2.604000000000000141e-05
2.607999999999999425e-05
2.612000000000000064e-05
2.615999999999999348e-05
2.619999999999999987e-05
2.623999999999999271e-05
2.627999999999999911e-05
2.632000000000000550e-05
2.635999999999999834e-05
2.640000000000000473e-05
2.643999999999999758e-05
2.648000000000000397e-05
2.651999999999999681e-05
2.656000000000000320e-05
2.659999999999999604e-05
2.664000000000000244e-05
2.667999999999999528e-05
2.672000000000000167e-05
2.675999999999999451e-05
2.680000000000000090e-05
2.683999999999999375e-05
2.688000000000000014e-05
2.691999999999999298e-05
2.695999999999999937e-05
2.699999999999999221e-05
2.703999999999999861e-05
2.708000000000000500e-05
2.711999999999999784e-05
2.716000000000000423e-05
2.719999999999999708e-05
2.724000000000000347e-05
2.727999999999999631e-05
2.732000000000000270e-05
2.735999999999999554e-05
2.740000000000000194e-05
2.743999999999999478e-05
2.748000000000000117e-05
2.751999999999999401e-05
2.756000000000000040e-05
2.759999999999999325e-05
2.763999999999999964e-05
2.767999999999999248e-05
2.771999999999999887e-05
2.776000000000000527e-05
2.779999999999999811e-05
2.784000000000000450e-05
2.787999999999999734e-05
2.792000000000000373e-05
2.795999999999999657e-05
2.800000000000000297e-05
2.803999999999999581e-05
2.808000000000000220e-05
2.811999999999999504e-05
2.816000000000000144e-05
2.819999999999999428e-05
2.824000000000000067e-05
2.827999999999999351e-05
2.831999999999999990e-05
2.835999999999999275e-05
2.839999999999999914e-05
2.844000000000000553e-05
2.847999999999999837e-05
2.852000000000000477e-05
2.855999999999999761e-05
2.860000000000000400e-05
2.863999999999999684e-05
2.868000000000000323e-05
2.871999999999999607e-05
2.876000000000000247e-05
2.879999999999999531e-05
2.884000000000000170e-05
2.887999999999999454e-05
2.892000000000000094e-05
2.895999999999999378e-05
2.900000000000000017e-05
2.903999999999999301e-05
2.907999999999999940e-05
2.911999999999999224e-05
2.915999999999999864e-05
2.920000000000000503e-05
2.923999999999999787e-05
2.928000000000000427e-05
2.931999999999999711e-05
2.936000000000000350e-05
2.939999999999999634e-05
2.944000000000000273e-05
2.947999999999999557e-05
2.952000000000000197e-05
2.955999999999999481e-05
2.960000000000000120e-05
2.963999999999999404e-05
2.968000000000000044e-05
2.971999999999999328e-05
2.975999999999999967e-05
2.979999999999999251e-05
2.983999999999999890e-05
2.988000000000000530e-05
2.991999999999999814e-05
2.996000000000000453e-05
2.999999999999999737e-05
3.004000000000000377e-05
3.007999999999999661e-05
3.012000000000000300e-05
3.015999999999999584e-05
3.020000000000000223e-05
3.023999999999999507e-05
3.028000000000000147e-05
3.031999999999999431e-05
3.036000000000000070e-05
3.039999999999999354e-05
3.043999999999999994e-05
3.047999999999999278e-05
3.051999999999999917e-05
3.056000000000000556e-05
3.059999999999999840e-05
3.064000000000000480e-05
3.067999999999999764e-05
3.072000000000000403e-05
3.075999999999999687e-05
3.080000000000000326e-05
3.083999999999999611e-05
3.088000000000000250e-05
3.091999999999999534e-05
3.096000000000000173e-05
3.099999999999999457e-05
3.104000000000000097e-05
3.107999999999999381e-05
3.112000000000000020e-05
3.115999999999999304e-05
3.119999999999999944e-05
3.123999999999999228e-05
3.127999999999999867e-05
3.132000000000000506e-05
3.135999999999999790e-05
3.140000000000000430e-05
3.143999999999999714e-05
3.148000000000000353e-05
3.151999999999999637e-05
3.156000000000000276e-05
3.159999999999999561e-05
3.164000000000000200e-05
3.167999999999999484e-05
3.172000000000000123e-05
3.175999999999999407e-05
3.180000000000000047e-05
3.183999999999999331e-05
3.187999999999999970e-05
3.191999999999999254e-05
3.195999999999999893e-05
3.200000000000000533e-05
3.203999999999999817e-05
3.208000000000000456e-05
3.211999999999999740e-05
3.216000000000000380e-05
3.219999999999999664e-05
3.224000000000000303e-05
3.227999999999999587e-05
3.232000000000000226e-05
3.235999999999999511e-05
3.240000000000000150e-05
3.243999999999999434e-05
3.248000000000000073e-05
3.251999999999999357e-05
3.255999999999999997e-05
3.259999999999999281e-05
3.263999999999999920e-05
3.268000000000000559e-05
3.271999999999999843e-05
3.276000000000000483e-05
3.279999999999999767e-05
3.284000000000000406e-05
3.287999999999999690e-05
3.292000000000000330e-05
3.295999999999999614e-05
3.300000000000000253e-05
3.303999999999999537e-05
3.308000000000000176e-05
3.311999999999999460e-05
3.316000000000000100e-05
3.319999999999999384e-05
3.324000000000000023e-05
3.327999999999999307e-05
3.331999999999999947e-05
3.335999999999999231e-05
3.339999999999999870e-05
3.344000000000000509e-05
3.347999999999999793e-05
3.352000000000000433e-05
3.355999999999999717e-05
3.360000000000000356e-05
3.363999999999999640e-05
3.368000000000000280e-05
3.371999999999999564e-05
3.376000000000000203e-05
3.379999999999999487e-05
3.384000000000000126e-05
3.387999999999999410e-05
3.392000000000000050e-05
3.395999999999999334e-05
3.399999999999999973e-05
3.403999999999999257e-05
3.407999999999999897e-05
3.412000000000000536e-05
3.415999999999999820e-05
3.420000000000000459e-05
3.423999999999999743e-05
3.428000000000000383e-05
3.431999999999999667e-05
3.436000000000000306e-05
3.439999999999999590e-05
3.444000000000000230e-05
3.447999999999999514e-05
3.452000000000000153e-05
3.455999999999999437e-05
3.460000000000000076e-05
3.463999999999999360e-05
3.468000000000000000e-05
3.471999999999999284e-05
3.475999999999999923e-05
3.480000000000000563e-05
3.483999999999999847e-05
3.488000000000000486e-05
3.491999999999999770e-05
3.496000000000000409e-05
3.499999999999999693e-05
3.504000000000000333e-05
3.507999999999999617e-05
3.512000000000000256e-05
3.515999999999999540e-05
3.520000000000000180e-05
3.523999999999999464e-05
3.528000000000000103e-05
3.531999999999999387e-05
3.536000000000000026e-05
3.539999999999999310e-05
3.543999999999999950e-05
3.547999999999999234e-05
3.551999999999999873e-05
3.556000000000000512e-05
3.559999999999999797e-05
3.564000000000000436e-05
3.567999999999999720e-05
3.572000000000000359e-05
3.575999999999999643e-05
3.580000000000000283e-05
3.583999999999999567e-05
3.588000000000000206e-05
3.591999999999999490e-05
3.596000000000000130e-05
3.599999999999999414e-05
3.604000000000000053e-05
3.607999999999999337e-05
3.611999999999999976e-05
3.615999999999999260e-05
3.619999999999999900e-05
3.624000000000000539e-05
3.627999999999999823e-05
3.632000000000000462e-05
3.635999999999999747e-05
3.640000000000000386e-05
3.643999999999999670e-05
3.648000000000000309e-05
3.651999999999999593e-05
3.656000000000000233e-05
3.659999999999999517e-05
3.664000000000000156e-05
3.667999999999999440e-05
3.672000000000000079e-05
3.675999999999999364e-05
3.680000000000000003e-05
3.683999999999999287e-05
3.687999999999999926e-05
3.692000000000000566e-05
3.695999999999999850e-05
3.700000000000000489e-05
3.703999999999999773e-05
3.708000000000000412e-05
3.711999999999999696e-05
3.716000000000000336e-05
3.719999999999999620e-05
3.724000000000000259e-05
3.727999999999999543e-05
3.732000000000000183e-05
3.735999999999999467e-05
3.740000000000000106e-05
3.743999999999999390e-05
3.748000000000000029e-05
3.751999999999999314e-05
3.755999999999999953e-05
3.759999999999999237e-05
3.763999999999999876e-05
3.768000000000000516e-05
3.771999999999999800e-05
3.776000000000000439e-05
3.779999999999999723e-05
3.784000000000000362e-05
3.787999999999999646e-05
3.792000000000000286e-05
3.795999999999999570e-05
3.800000000000000209e-05
3.803999999999999493e-05
3.808000000000000133e-05
3.811999999999999417e-05
3.816000000000000056e-05
3.819999999999999340e-05
3.823999999999999979e-05
3.827999999999999263e-05
3.831999999999999903e-05
3.836000000000000542e-05
3.839999999999999826e-05
3.844000000000000466e-05
3.847999999999999750e-05
3.852000000000000389e-05
3.855999999999999673e-05
3.860000000000000312e-05
3.863999999999999596e-05
3.868000000000000236e-05
3.871999999999999520e-05
3.876000000000000159e-05
3.879999999999999443e-05
3.884000000000000083e-05
3.887999999999999367e-05
3.892000000000000006e-05
3.895999999999999290e-05
3.899999999999999929e-05
3.904000000000000569e-05
3.907999999999999853e-05
3.912000000000000492e-05
3.915999999999999776e-05
3.920000000000000416e-05
3.923999999999999700e-05
3.928000000000000339e-05
3.931999999999999623e-05
3.936000000000000262e-05
3.939999999999999546e-05
3.944000000000000186e-05
3.947999999999999470e-05
3.952000000000000109e-05
3.955999999999999393e-05
3.960000000000000033e-05
3.963999999999999317e-05
3.967999999999999956e-05
3.971999999999999240e-05
3.975999999999999879e-05
3.980000000000000519e-05
3.983999999999999803e-05
3.988000000000000442e-05
3.991999999999999726e-05
3.996000000000000366e-05
3.999999999999999650e-05
4.004000000000000289e-05
4.007999999999999573e-05
4.012000000000000212e-05
4.015999999999999496e-05
4.020000000000000136e-05
4.023999999999999420e-05
4.028000000000000059e-05
4.031999999999999343e-05
4.035999999999999983e-05
4.039999999999999267e-05
4.043999999999999906e-05
4.048000000000000545e-05
4.051999999999999829e-05
4.056000000000000469e-05
4.059999999999999753e-05
4.064000000000000392e-05
4.067999999999999676e-05
4.072000000000000315e-05
4.075999999999999600e-05
4.080000000000000239e-05
4.083999999999999523e-05
4.088000000000000162e-05
4.091999999999999446e-05
4.096000000000000086e-05
4.099999999999999370e-05
4.104000000000000009e-05
4.107999999999999293e-05
4.111999999999999933e-05
4.116000000000000572e-05
4.119999999999999856e-05
4.124000000000000495e-05
4.127999999999999779e-05
4.132000000000000419e-05
4.135999999999999703e-05
4.140000000000000342e-05
4.143999999999999626e-05
4.148000000000000265e-05
4.151999999999999550e-05
4.156000000000000189e-05
4.159999999999999473e-05
4.164000000000000112e-05
4.167999999999999396e-05
4.172000000000000036e-05
4.175999999999999320e-05
4.179999999999999959e-05
4.183999999999999243e-05
4.187999999999999882e-05
4.192000000000000522e-05
4.195999999999999806e-05
4.200000000000000445e-05
4.203999999999999729e-05
4.208000000000000369e-05
4.211999999999999653e-05
4.216000000000000292e-05
4.219999999999999576e-05
4.224000000000000215e-05
4.227999999999999500e-05
4.232000000000000139e-05
4.235999999999999423e-05
4.240000000000000062e-05
4.243999999999999346e-05
4.247999999999999986e-05
4.251999999999999270e-05
4.255999999999999909e-05
4.260000000000000548e-05
4.263999999999999832e-05
4.268000000000000472e-05
4.271999999999999756e-05
4.276000000000000395e-05
4.279999999999999679e-05
4.284000000000000319e-05
4.287999999999999603e-05
4.292000000000000242e-05
4.295999999999999526e-05
4.300000000000000165e-05
4.303999999999999449e-05
4.308000000000000089e-05
4.311999999999999373e-05
4.316000000000000012e-05
4.319999999999999296e-05
4.323999999999999936e-05
4.328000000000000575e-05
4.331999999999999859e-05
4.336000000000000498e-05
4.339999999999999782e-05
4.344000000000000422e-05
4.347999999999999706e-05
4.352000000000000345e-05
4.355999999999999629e-05
4.360000000000000269e-05
4.363999999999999553e-05
4.368000000000000192e-05
4.371999999999999476e-05
4.376000000000000115e-05
4.379999999999999399e-05
4.384000000000000039e-05
4.387999999999999323e-05
4.391999999999999962e-05
4.395999999999999246e-05
4.399999999999999886e-05
4.404000000000000525e-05
4.407999999999999809e-05
4.412000000000000448e-05
4.415999999999999732e-05
4.420000000000000372e-05
4.423999999999999656e-05
4.428000000000000295e-05
4.431999999999999579e-05
4.436000000000000219e-05
4.439999999999999503e-05
4.444000000000000142e-05
4.447999999999999426e-05
4.452000000000000065e-05
4.455999999999999349e-05
4.459999999999999989e-05
4.463999999999999273e-05
4.467999999999999912e-05
4.472000000000000551e-05
4.475999999999999836e-05
4.480000000000000475e-05
4.483999999999999759e-05
4.488000000000000398e-05
4.491999999999999682e-05
4.496000000000000322e-05
4.499999999999999606e-05
4.504000000000000245e-05
4.507999999999999529e-05
4.512000000000000169e-05
4.515999999999999453e-05
4.520000000000000092e-05
4.523999999999999376e-05
4.528000000000000015e-05
4.531999999999999299e-05
4.535999999999999939e-05
4.540000000000000578e-05
4.543999999999999862e-05
4.548000000000000501e-05
4.551999999999999786e-05
4.556000000000000425e-05
4.559999999999999709e-05
4.564000000000000348e-05
4.567999999999999632e-05
4.572000000000000272e-05
4.575999999999999556e-05
4.580000000000000195e-05
4.583999999999999479e-05
4.588000000000000118e-05
4.591999999999999403e-05
4.596000000000000042e-05
4.599999999999999326e-05
4.603999999999999965e-05
4.607999999999999249e-05
4.611999999999999889e-05
4.616000000000000528e-05
4.619999999999999812e-05
4.624000000000000451e-05
4.627999999999999736e-05
4.632000000000000375e-05
4.635999999999999659e-05
4.640000000000000298e-05
4.643999999999999582e-05
4.648000000000000222e-05
4.651999999999999506e-05
4.656000000000000145e-05
4.659999999999999429e-05
4.664000000000000068e-05
4.667999999999999353e-05
4.671999999999999992e-05
4.675999999999999276e-05
4.679999999999999915e-05
4.684000000000000555e-05
4.687999999999999839e-05
4.692000000000000478e-05
4.695999999999999762e-05
4.700000000000000401e-05
4.703999999999999685e-05
4.708000000000000325e-05
4.711999999999999609e-05
4.716000000000000248e-05
4.719999999999999532e-05
4.724000000000000172e-05
4.727999999999999456e-05
4.732000000000000095e-05
4.735999999999999379e-05
4.740000000000000018e-05
4.743999999999999303e-05
4.747999999999999942e-05
4.752000000000000581e-05
4.755999999999999865e-05
4.760000000000000505e-05
4.763999999999999789e-05
4.768000000000000428e-05
4.771999999999999712e-05
4.776000000000000351e-05
4.779999999999999635e-05
4.784000000000000275e-05
4.787999999999999559e-05
4.792000000000000198e-05
4.795999999999999482e-05
4.800000000000000122e-05
4.803999999999999406e-05
4.808000000000000045e-05
4.811999999999999329e-05
4.815999999999999968e-05
4.819999999999999252e-05
4.823999999999999892e-05
4.828000000000000531e-05
4.831999999999999815e-05
4.836000000000000455e-05
4.839999999999999739e-05
4.844000000000000378e-05
4.847999999999999662e-05
4.852000000000000301e-05
4.855999999999999585e-05
4.860000000000000225e-05
4.863999999999999509e-05
4.868000000000000148e-05
4.871999999999999432e-05
4.876000000000000072e-05
4.879999999999999356e-05
4.883999999999999995e-05
4.887999999999999279e-05
4.891999999999999918e-05
4.896000000000000558e-05
4.899999999999999842e-05
4.904000000000000481e-05
4.907999999999999765e-05
4.912000000000000405e-05
4.915999999999999689e-05
4.920000000000000328e-05
4.923999999999999612e-05
4.928000000000000251e-05
4.931999999999999535e-05
4.936000000000000175e-05
4.939999999999999459e-05
4.944000000000000098e-05
4.947999999999999382e-05
4.952000000000000022e-05
4.955999999999999306e-05
4.959999999999999945e-05
4.964000000000000584e-05
4.967999999999999868e-05
4.972000000000000508e-05
4.975999999999999792e-05
4.980000000000000431e-05
4.983999999999999715e-05
4.988000000000000355e-05
4.991999999999999639e-05
4.996000000000000278e-05
4.999999999999999562e-05
