9.765625000000000000e-01 1.196111075771527860e-03
1.953125000000000000e+00 1.181088550066029677e-03
2.929687500000000000e+00 1.194305889431424234e-03
3.906250000000000000e+00 1.205700025191961886e-03
4.882812500000000000e+00 1.260939360225573312e-03
5.859375000000000000e+00 1.206215139348075678e-03
6.835937500000000000e+00 1.205517101600551023e-03
7.812500000000000000e+00 1.261548061578389012e-03
8.789062500000000000e+00 1.244566876680754802e-03
9.765625000000000000e+00 1.229523922255422582e-03
1.074218750000000000e+01 1.248050732557468793e-03
1.171875000000000000e+01 1.310136829185251867e-03
1.269531250000000000e+01 1.271526925505619661e-03
1.367187500000000000e+01 1.251161856997086560e-03
1.464843750000000000e+01 1.272944863601140932e-03
1.562500000000000000e+01 1.301240178967327018e-03
1.660156250000000000e+01 1.293441860559844730e-03
1.757812500000000000e+01 1.331547098991147727e-03
1.855468750000000000e+01 1.337675048796739194e-03
1.953125000000000000e+01 1.366526268367924957e-03
2.050781250000000000e+01 1.356103179310707988e-03
2.148437500000000000e+01 1.410948912818619496e-03
2.246093750000000000e+01 1.413265640207448173e-03
2.343750000000000000e+01 1.431043541800941033e-03
2.441406250000000000e+01 1.480892569350626686e-03
2.539062500000000000e+01 1.493553984093336229e-03
2.636718750000000000e+01 1.493283545401629655e-03
2.734375000000000000e+01 1.489379536836779984e-03
2.832031250000000000e+01 1.520775681968907162e-03
2.929687500000000000e+01 1.556464857562498035e-03
3.027343750000000000e+01 1.612222280960837672e-03
3.125000000000000000e+01 1.620488434576664374e-03
3.222656250000000000e+01 1.631373095598011693e-03
3.320312500000000000e+01 1.659781159629172874e-03
3.417968750000000000e+01 1.704471804952927385e-03
3.515625000000000000e+01 1.770362233947815047e-03
3.613281250000000000e+01 1.799679583315660523e-03
3.710937500000000000e+01 1.815745266666091888e-03
3.808593750000000000e+01 1.851557814597838388e-03
3.906250000000000000e+01 1.906082747506467881e-03
4.003906250000000000e+01 1.935883476285027265e-03
4.101562500000000000e+01 1.958434961809384957e-03
4.199218750000000000e+01 2.017416755896409009e-03
4.296875000000000000e+01 1.998176770403137497e-03
4.394531250000000000e+01 2.108721245688260134e-03
4.492187500000000000e+01 2.140584270779082813e-03
4.589843750000000000e+01 2.199823493581892862e-03
4.687500000000000000e+01 2.214488868204101627e-03
4.785156250000000000e+01 2.255677566567425123e-03
4.882812500000000000e+01 2.330832735514598141e-03
4.980468750000000000e+01 2.431945594699290274e-03
5.078125000000000000e+01 2.464939091929272547e-03
5.175781250000000000e+01 2.512307652479307644e-03
5.273437500000000000e+01 2.567978028603143132e-03
5.371093750000000000e+01 2.663456387703004059e-03
5.468750000000000000e+01 2.679359283333511681e-03
5.566406250000000000e+01 2.768689317134761553e-03
5.664062500000000000e+01 2.883268192721147229e-03
5.761718750000000000e+01 2.946192874295953164e-03
5.859375000000000000e+01 3.020479248286832459e-03
5.957031250000000000e+01 3.032811316927515755e-03
6.054687500000000000e+01 3.195006319274061850e-03
6.152343750000000000e+01 3.322310031992744585e-03
6.250000000000000000e+01 3.355697447837386032e-03
6.347656250000000000e+01 3.461791703953412142e-03
6.445312500000000000e+01 3.630397063896436370e-03
6.542968750000000000e+01 3.703083215175172627e-03
6.640625000000000000e+01 3.816366581037035181e-03
6.738281250000000000e+01 3.967086234963638700e-03
6.835937500000000000e+01 4.160514779803780282e-03
6.933593750000000000e+01 4.264569013174371488e-03
7.031250000000000000e+01 4.484850634970900807e-03
7.128906250000000000e+01 4.610131178389570428e-03
7.226562500000000000e+01 4.807779120702309998e-03
7.324218750000000000e+01 5.039729967178501954e-03
7.421875000000000000e+01 5.260473476040456071e-03
7.519531250000000000e+01 5.395300508719681407e-03
7.617187500000000000e+01 5.713176145121985974e-03
7.714843750000000000e+01 5.902530259909629859e-03
7.812500000000000000e+01 6.249576318468647029e-03
7.910156250000000000e+01 6.527042638367477195e-03
8.007812500000000000e+01 6.874918167245024948e-03
8.105468750000000000e+01 7.233084928874365313e-03
8.203125000000000000e+01 7.674944181057329236e-03
8.300781250000000000e+01 8.256419926684053362e-03
8.398437500000000000e+01 8.752874049641137452e-03
8.496093750000000000e+01 9.355390027547127660e-03
8.593750000000000000e+01 9.992060110510953344e-03
8.691406250000000000e+01 1.080433995318302171e-02
8.789062500000000000e+01 1.170000426209523783e-02
8.886718750000000000e+01 1.275346286823084499e-02
8.984375000000000000e+01 1.409453892786610707e-02
9.082031250000000000e+01 1.562867570911096599e-02
9.179687500000000000e+01 1.747454451945714207e-02
9.277343750000000000e+01 2.001556477363636982e-02
9.375000000000000000e+01 2.322789083748692113e-02
9.472656250000000000e+01 2.758392532609877865e-02
9.570312500000000000e+01 3.416867234505647360e-02
9.667968750000000000e+01 4.437763086726614903e-02
9.765625000000000000e+01 6.297437404271269412e-02
9.863281250000000000e+01 1.085755144405259887e-01
9.960937500000000000e+01 3.841628496563191386e-01
1.005859375000000000e+02 2.521593057909637392e-01
1.015625000000000000e+02 9.527289991191952023e-02
1.025390625000000000e+02 5.883570853023015884e-02
1.035156250000000000e+02 4.272641638815571907e-02
1.044921875000000000e+02 3.349902927933372937e-02
1.054687500000000000e+02 2.764856956489307113e-02
1.064453125000000000e+02 2.355178817318126505e-02
1.074218750000000000e+02 2.057213322819911178e-02
1.083984375000000000e+02 1.819613533567657204e-02
1.093750000000000000e+02 1.637756667549875034e-02
1.103515625000000000e+02 1.489530271255149613e-02
1.113281250000000000e+02 1.364493212545040725e-02
1.123046875000000000e+02 1.258123242584579388e-02
1.132812500000000000e+02 1.164573435209488236e-02
1.142578125000000000e+02 1.099113463309562590e-02
1.152343750000000000e+02 1.024535452690408105e-02
1.162109375000000000e+02 9.758036188009543144e-03
1.171875000000000000e+02 9.133661402689782077e-03
1.181640625000000000e+02 8.661986084304211173e-03
1.191406250000000000e+02 8.323157678883570318e-03
1.201171875000000000e+02 7.893581365298418459e-03
1.210937500000000000e+02 7.534705520812692500e-03
1.220703125000000000e+02 7.233279283607885884e-03
1.230468750000000000e+02 6.986165071198756002e-03
1.240234375000000000e+02 6.722501199153138075e-03
1.250000000000000000e+02 6.470546371195587919e-03
1.259765625000000000e+02 6.180834721911034925e-03
1.269531250000000000e+02 5.967433279640820334e-03
1.279296875000000000e+02 5.892510028630938874e-03
1.289062500000000000e+02 5.655182976038186822e-03
1.298828125000000000e+02 5.505220424196141660e-03
1.308593750000000000e+02 5.326990440851993129e-03
1.318359375000000000e+02 5.174431190848549807e-03
1.328125000000000000e+02 5.099442381141187225e-03
1.337890625000000000e+02 4.947706513686599833e-03
1.347656250000000000e+02 4.757658088294199755e-03
1.357421875000000000e+02 4.687980778153583682e-03
1.367187500000000000e+02 4.610984324876907757e-03
1.376953125000000000e+02 4.419066543829128571e-03
1.386718750000000000e+02 4.354731553026080365e-03
1.396484375000000000e+02 4.269961789079024413e-03
1.406250000000000000e+02 4.161145347332608629e-03
1.416015625000000000e+02 4.159378735390025818e-03
1.425781250000000000e+02 4.007127826505725923e-03
1.435546875000000000e+02 3.926874589797323296e-03
1.445312500000000000e+02 3.806745012255831600e-03
1.455078125000000000e+02 3.794726541611344317e-03
1.464843750000000000e+02 3.702357919483336996e-03
1.474609375000000000e+02 3.676413910687372204e-03
1.484375000000000000e+02 3.586434290283834186e-03
1.494140625000000000e+02 3.507187588227772632e-03
1.503906250000000000e+02 3.391001233004685683e-03
1.513671875000000000e+02 3.433386192834882254e-03
1.523437500000000000e+02 3.326876970902829366e-03
1.533203125000000000e+02 3.318570192129154887e-03
1.542968750000000000e+02 3.267538659783064073e-03
1.552734375000000000e+02 3.172590163756906344e-03
1.562500000000000000e+02 3.141697251601681482e-03
1.572265625000000000e+02 3.072907115612339736e-03
1.582031250000000000e+02 3.025743384003537744e-03
1.591796875000000000e+02 3.005177693542634282e-03
1.601562500000000000e+02 2.952169390657660882e-03
1.611328125000000000e+02 2.923405770208034084e-03
1.621093750000000000e+02 2.894899200476542308e-03
1.630859375000000000e+02 2.826434924938402843e-03
1.640625000000000000e+02 2.838545496991647099e-03
1.650390625000000000e+02 2.743511319972239369e-03
1.660156250000000000e+02 2.766316957302377560e-03
1.669921875000000000e+02 2.724926729169781757e-03
1.679687500000000000e+02 2.701659631722959018e-03
1.689453125000000000e+02 2.634827258102069841e-03
1.699218750000000000e+02 2.603664591791086946e-03
1.708984375000000000e+02 2.553842457057879569e-03
1.718750000000000000e+02 2.527657950365741393e-03
1.728515625000000000e+02 2.556377583193128206e-03
1.738281250000000000e+02 2.525010647986454266e-03
1.748046875000000000e+02 2.433297140179952345e-03
1.757812500000000000e+02 2.449917842255947085e-03
1.767578125000000000e+02 2.441156734186054281e-03
1.777343750000000000e+02 2.425760148107205649e-03
1.787109375000000000e+02 2.375019778357793931e-03
1.796875000000000000e+02 2.356871034776700149e-03
1.806640625000000000e+02 2.334643836129733554e-03
1.816406250000000000e+02 2.306479688695815822e-03
1.826171875000000000e+02 2.291746507480178861e-03
1.835937500000000000e+02 2.239759677914523149e-03
1.845703125000000000e+02 2.242502239617440423e-03
1.855468750000000000e+02 2.215924123773308635e-03
1.865234375000000000e+02 2.159032753022512366e-03
1.875000000000000000e+02 2.154725838502680613e-03
1.884765625000000000e+02 2.151081089515939800e-03
1.894531250000000000e+02 2.147044522554025520e-03
1.904296875000000000e+02 2.140141181211418185e-03
1.914062500000000000e+02 2.138885759669880478e-03
1.923828125000000000e+02 2.072102226344697904e-03
1.933593750000000000e+02 2.031674868346211582e-03
1.943359375000000000e+02 2.065711609733345434e-03
1.953125000000000000e+02 2.050628067096947876e-03
1.962890625000000000e+02 1.948801817008046292e-03
1.972656250000000000e+02 2.000027342676772082e-03
1.982421875000000000e+02 1.960036560224504010e-03
1.992187500000000000e+02 1.954003061084783662e-03
2.001953125000000000e+02 1.996075720994339251e-03
2.011718750000000000e+02 1.897882428080623074e-03
2.021484375000000000e+02 1.886902194446590970e-03
2.031250000000000000e+02 1.918104587143561104e-03
2.041015625000000000e+02 1.887984256162768618e-03
2.050781250000000000e+02 1.807624618545350869e-03
2.060546875000000000e+02 1.871822254626305483e-03
2.070312500000000000e+02 1.879575593376116988e-03
2.080078125000000000e+02 1.841525575824821742e-03
2.089843750000000000e+02 1.840048651406237488e-03
2.099609375000000000e+02 1.814148493021948156e-03
2.109375000000000000e+02 1.779238729928270214e-03
2.119140625000000000e+02 1.769189172915698691e-03
2.128906250000000000e+02 1.754023739889147082e-03
2.138671875000000000e+02 1.778595995812491280e-03
2.148437500000000000e+02 1.743652069926790536e-03
2.158203125000000000e+02 1.768054525831556706e-03
2.167968750000000000e+02 1.727800725093024507e-03
2.177734375000000000e+02 1.739970796052572573e-03
2.187500000000000000e+02 1.745349763815537284e-03
2.197265625000000000e+02 1.711083595325024916e-03
2.207031250000000000e+02 1.685477457309159186e-03
2.216796875000000000e+02 1.657445589925687739e-03
2.226562500000000000e+02 1.667652885645663731e-03
2.236328125000000000e+02 1.647421213053228530e-03
2.246093750000000000e+02 1.665686349857303274e-03
2.255859375000000000e+02 1.623090115404683849e-03
2.265625000000000000e+02 1.642942100631561778e-03
2.275390625000000000e+02 1.585409450489108554e-03
2.285156250000000000e+02 1.605059188368668796e-03
2.294921875000000000e+02 1.599984874948346455e-03
2.304687500000000000e+02 1.584498178091020386e-03
2.314453125000000000e+02 1.584237041751794571e-03
2.324218750000000000e+02 1.551257945485509876e-03
2.333984375000000000e+02 1.535526976328840422e-03
2.343750000000000000e+02 1.564025138778235785e-03
2.353515625000000000e+02 1.563241774311304247e-03
2.363281250000000000e+02 1.547882780851696878e-03
2.373046875000000000e+02 1.513885604543587903e-03
2.382812500000000000e+02 1.531221834468393401e-03
2.392578125000000000e+02 1.522585240151525746e-03
2.402343750000000000e+02 1.537417828768354632e-03
2.412109375000000000e+02 1.493489444554275524e-03
2.421875000000000000e+02 1.494493630923313761e-03
2.431640625000000000e+02 1.457786972255453641e-03
2.441406250000000000e+02 1.473308992252798802e-03
2.451171875000000000e+02 1.467118884662168502e-03
2.460937500000000000e+02 1.411169194327825628e-03
2.470703125000000000e+02 1.462074276145576080e-03
2.480468750000000000e+02 1.416528349309285071e-03
2.490234375000000000e+02 1.447075189246648658e-03
2.500000000000000000e+02 1.430901010884989572e-03
2.509765625000000000e+02 1.427999141876610829e-03
2.519531250000000000e+02 1.363277112977003165e-03
2.529296875000000000e+02 1.447084987021185444e-03
2.539062500000000000e+02 1.382254435357681624e-03
2.548828125000000000e+02 1.423362704992352538e-03
2.558593750000000000e+02 1.381861655154257955e-03
2.568359375000000000e+02 1.437184861606574052e-03
2.578125000000000000e+02 1.363576543409186380e-03
2.587890625000000000e+02 1.397044562955750222e-03
2.597656250000000000e+02 1.373765171543194679e-03
2.607421875000000000e+02 1.339019277809659495e-03
2.617187500000000000e+02 1.354466348963024843e-03
2.626953125000000000e+02 1.336387519914280543e-03
2.636718750000000000e+02 1.303313761730801653e-03
2.646484375000000000e+02 1.362296473370150840e-03
2.656250000000000000e+02 1.331261234148727133e-03
2.666015625000000000e+02 1.342687958271249205e-03
2.675781250000000000e+02 1.339255783645953600e-03
2.685546875000000000e+02 1.321022089143147980e-03
2.695312500000000000e+02 1.313141444979819793e-03
2.705078125000000000e+02 1.334691406920800487e-03
2.714843750000000000e+02 1.317954465883238975e-03
2.724609375000000000e+02 1.319495831932474038e-03
2.734375000000000000e+02 1.305497027169206636e-03
2.744140625000000000e+02 1.243884625554588386e-03
2.753906250000000000e+02 1.321735091579951836e-03
2.763671875000000000e+02 1.259185438130893449e-03
2.773437500000000000e+02 1.264131694928574039e-03
2.783203125000000000e+02 1.320854322339718931e-03
2.792968750000000000e+02 1.248055741944191282e-03
2.802734375000000000e+02 1.235767062259134942e-03
2.812500000000000000e+02 1.238343073818593204e-03
2.822265625000000000e+02 1.279169346335875916e-03
2.832031250000000000e+02 1.229551212335331560e-03
2.841796875000000000e+02 1.197769636700832252e-03
2.851562500000000000e+02 1.270890556207495857e-03
2.861328125000000000e+02 1.264708945373428867e-03
2.871093750000000000e+02 1.256706141861398942e-03
2.880859375000000000e+02 1.226769379832968196e-03
2.890625000000000000e+02 1.235470171199761413e-03
2.900390625000000000e+02 1.184267276618152561e-03
2.910156250000000000e+02 1.214055317951451534e-03
2.919921875000000000e+02 1.199840094021783609e-03
2.929687500000000000e+02 1.248234925018770107e-03
2.939453125000000000e+02 1.170224149339093699e-03
2.949218750000000000e+02 1.222264418835413867e-03
2.958984375000000000e+02 1.196701965956729419e-03
2.968750000000000000e+02 1.171747668610142188e-03
2.978515625000000000e+02 1.212687935516334591e-03
2.988281250000000000e+02 1.181760095003207790e-03
2.998046875000000000e+02 1.119070828979554276e-03
3.007812500000000000e+02 1.177538034460974981e-03
3.017578125000000000e+02 1.206449184043278293e-03
3.027343750000000000e+02 1.193166715357749227e-03
3.037109375000000000e+02 1.170469761939528985e-03
3.046875000000000000e+02 1.192086042554875826e-03
3.056640625000000000e+02 1.183950707742653999e-03
3.066406250000000000e+02 1.174850751630843139e-03
3.076171875000000000e+02 1.197330085462262623e-03
3.085937500000000000e+02 1.185816409393554340e-03
3.095703125000000000e+02 1.183980580590733101e-03
3.105468750000000000e+02 1.142476092793096466e-03
3.115234375000000000e+02 1.122490406636748438e-03
3.125000000000000000e+02 1.156576789771447114e-03
3.134765625000000000e+02 1.157675665952079659e-03
3.144531250000000000e+02 1.154278767347482765e-03
3.154296875000000000e+02 1.153119441968144350e-03
3.164062500000000000e+02 1.095869132172628928e-03
3.173828125000000000e+02 1.151878057905628919e-03
3.183593750000000000e+02 1.097263950393731393e-03
3.193359375000000000e+02 1.106285260263673714e-03
3.203125000000000000e+02 1.110605946115917134e-03
3.212890625000000000e+02 1.122605249986654468e-03
3.222656250000000000e+02 1.104274842656186723e-03
3.232421875000000000e+02 1.137478453449332046e-03
3.242187500000000000e+02 1.122604106338844334e-03
3.251953125000000000e+02 1.103525406610335194e-03
3.261718750000000000e+02 1.091729539769846274e-03
3.271484375000000000e+02 1.120984292164002409e-03
3.281250000000000000e+02 1.095197649212371806e-03
3.291015625000000000e+02 1.092150482662173532e-03
3.300781250000000000e+02 1.117424666644228426e-03
3.310546875000000000e+02 1.095722060024695646e-03
3.320312500000000000e+02 1.082631997711597065e-03
3.330078125000000000e+02 1.084568607246782102e-03
3.339843750000000000e+02 1.076773139419091559e-03
3.349609375000000000e+02 1.103553861211389485e-03
3.359375000000000000e+02 1.087650596425694541e-03
3.369140625000000000e+02 1.056211224074129953e-03
3.378906250000000000e+02 1.056064014840670797e-03
3.388671875000000000e+02 1.096852298388155270e-03
3.398437500000000000e+02 1.074957229239795631e-03
3.408203125000000000e+02 1.100266134691542993e-03
3.417968750000000000e+02 1.075967433448041504e-03
3.427734375000000000e+02 1.066197036922526299e-03
3.437500000000000000e+02 1.098591145234687882e-03
3.447265625000000000e+02 1.039705081202684693e-03
3.457031250000000000e+02 1.086721001131627689e-03
3.466796875000000000e+02 1.052595222047019797e-03
3.476562500000000000e+02 1.061136353796937994e-03
3.486328125000000000e+02 1.045591564559401627e-03
3.496093750000000000e+02 1.049185250371968171e-03
3.505859375000000000e+02 1.028871257026314507e-03
3.515625000000000000e+02 1.065900215132310888e-03
3.525390625000000000e+02 1.057763699638215611e-03
3.535156250000000000e+02 1.023693141711978522e-03
3.544921875000000000e+02 1.040116384637425643e-03
3.554687500000000000e+02 9.869171062419353040e-04
3.564453125000000000e+02 1.028471257297674472e-03
3.574218750000000000e+02 1.005781841548214440e-03
3.583984375000000000e+02 1.039603523542631178e-03
3.593750000000000000e+02 1.024273900885883494e-03
3.603515625000000000e+02 1.022485477582833367e-03
3.613281250000000000e+02 1.005467855850286163e-03
3.623046875000000000e+02 1.005792656284445119e-03
3.632812500000000000e+02 1.028985500684480477e-03
3.642578125000000000e+02 1.054149672229882321e-03
3.652343750000000000e+02 9.881638935041903594e-04
3.662109375000000000e+02 1.011996587847776349e-03
3.671875000000000000e+02 1.005344777224923989e-03
3.681640625000000000e+02 1.016208332304984960e-03
3.691406250000000000e+02 9.896836502555890567e-04
3.701171875000000000e+02 9.768017301800783082e-04
3.710937500000000000e+02 1.010056363078332001e-03
3.720703125000000000e+02 9.889396779840888864e-04
3.730468750000000000e+02 1.028134372301528574e-03
3.740234375000000000e+02 1.003609609554273951e-03
3.750000000000000000e+02 9.959148925077882485e-04
3.759765625000000000e+02 1.000993115302478654e-03
3.769531250000000000e+02 1.018353422747822262e-03
3.779296875000000000e+02 9.815449489695266504e-04
3.789062500000000000e+02 9.386239072143038719e-04
3.798828125000000000e+02 9.722380783227141431e-04
3.808593750000000000e+02 9.784750037106220051e-04
3.818359375000000000e+02 1.024638660495005502e-03
3.828125000000000000e+02 9.830818660876310990e-04
3.837890625000000000e+02 9.697864962902667373e-04
3.847656250000000000e+02 1.000342757249032995e-03
3.857421875000000000e+02 9.484803259786912235e-04
3.867187500000000000e+02 9.503383884145029338e-04
3.876953125000000000e+02 1.035828703795352865e-03
3.886718750000000000e+02 9.713268774170355155e-04
3.896484375000000000e+02 9.750864347449229039e-04
3.906250000000000000e+02 9.342878240334198496e-04
3.916015625000000000e+02 1.019194275007378808e-03
3.925781250000000000e+02 9.716466655181508431e-04
3.935546875000000000e+02 9.452104635715984646e-04
3.945312500000000000e+02 9.877819374758799870e-04
3.955078125000000000e+02 1.004224517425077569e-03
3.964843750000000000e+02 9.616277561092069839e-04
3.974609375000000000e+02 9.502916405441041124e-04
3.984375000000000000e+02 9.014003972818003486e-04
3.994140625000000000e+02 1.014356782723149428e-03
4.003906250000000000e+02 9.839898128092829880e-04
4.013671875000000000e+02 8.865143181887362401e-04
4.023437500000000000e+02 9.555653258654433699e-04
4.033203125000000000e+02 9.991409279752811769e-04
4.042968750000000000e+02 9.694727212546680548e-04
4.052734375000000000e+02 1.000766050640050902e-03
4.062500000000000000e+02 9.561737912966709234e-04
4.072265625000000000e+02 9.613858510868332095e-04
4.082031250000000000e+02 9.808919723742015682e-04
4.091796875000000000e+02 9.182961029069231949e-04
4.101562500000000000e+02 9.441186337643536894e-04
4.111328125000000000e+02 9.697732174769360365e-04
4.121093750000000000e+02 9.527889177960167976e-04
4.130859375000000000e+02 9.362577590506428876e-04
4.140625000000000000e+02 9.356284647605834061e-04
4.150390625000000000e+02 9.274170678484494482e-04
4.160156250000000000e+02 9.101895387579683012e-04
4.169921875000000000e+02 9.186383449793650031e-04
4.179687500000000000e+02 9.411221768110768129e-04
4.189453125000000000e+02 8.981077668111727037e-04
4.199218750000000000e+02 9.259227453165084099e-04
4.208984375000000000e+02 9.136070211625556313e-04
4.218750000000000000e+02 9.253005824969033535e-04
4.228515625000000000e+02 9.563493151786600817e-04
4.238281250000000000e+02 9.163294777422535415e-04
4.248046875000000000e+02 9.788155651884638056e-04
4.257812500000000000e+02 9.630491355307592514e-04
4.267578125000000000e+02 9.388073968799442179e-04
4.277343750000000000e+02 9.211690496535155682e-04
4.287109375000000000e+02 9.501908366205068755e-04
4.296875000000000000e+02 9.773665148454014663e-04
4.306640625000000000e+02 8.923492789220080663e-04
4.316406250000000000e+02 9.343723540867469477e-04
4.326171875000000000e+02 8.710432448078308555e-04
4.335937500000000000e+02 9.297319788616240739e-04
4.345703125000000000e+02 8.945093590927206571e-04
4.355468750000000000e+02 9.070301732769900545e-04
4.365234375000000000e+02 9.298064855423248060e-04
4.375000000000000000e+02 9.032275481541775838e-04
4.384765625000000000e+02 9.346692502202205797e-04
4.394531250000000000e+02 9.268211852768203432e-04
4.404296875000000000e+02 9.164376019252690490e-04
4.414062500000000000e+02 8.773181512205676215e-04
4.423828125000000000e+02 9.190892189633837698e-04
4.433593750000000000e+02 9.097940037157357376e-04
4.443359375000000000e+02 9.067772954262493228e-04
4.453125000000000000e+02 9.178310996503083246e-04
4.462890625000000000e+02 9.212118275398129474e-04
4.472656250000000000e+02 9.154673705329644407e-04
4.482421875000000000e+02 8.876945289378544149e-04
4.492187500000000000e+02 9.014363345441038251e-04
4.501953125000000000e+02 9.130341503076279570e-04
4.511718750000000000e+02 9.577367794615225007e-04
4.521484375000000000e+02 8.557248845354222108e-04
4.531250000000000000e+02 9.545872467790690900e-04
4.541015625000000000e+02 8.643887803276088496e-04
4.550781250000000000e+02 9.352315314914837630e-04
4.560546875000000000e+02 9.437615335245299946e-04
4.570312500000000000e+02 9.241646669895689330e-04
4.580078125000000000e+02 8.972656221295700375e-04
4.589843750000000000e+02 9.254368473883110716e-04
4.599609375000000000e+02 9.045110744960776963e-04
4.609375000000000000e+02 9.100260362915347503e-04
4.619140625000000000e+02 9.151246613874916645e-04
4.628906250000000000e+02 9.149533243471343622e-04
4.638671875000000000e+02 8.951803057195892701e-04
4.648437500000000000e+02 8.716614370662706824e-04
4.658203125000000000e+02 9.240359340281278705e-04
4.667968750000000000e+02 8.945945741332906806e-04
4.677734375000000000e+02 9.302859999118842909e-04
4.687500000000000000e+02 9.136424731558227819e-04
4.697265625000000000e+02 8.786212404466319003e-04
4.707031250000000000e+02 8.950339681910108106e-04
4.716796875000000000e+02 8.955330027263096355e-04
4.726562500000000000e+02 9.108543308744455761e-04
4.736328125000000000e+02 8.683766063051040181e-04
4.746093750000000000e+02 8.778429479022542906e-04
4.755859375000000000e+02 9.089287290879882611e-04
4.765625000000000000e+02 8.944857905910430290e-04
4.775390625000000000e+02 9.425442986751629646e-04
4.785156250000000000e+02 9.042983223036032882e-04
4.794921875000000000e+02 9.209048505716009494e-04
4.804687500000000000e+02 9.062435883560661680e-04
4.814453125000000000e+02 8.949739669387636208e-04
4.824218750000000000e+02 8.772693394909628680e-04
4.833984375000000000e+02 8.810439800196561127e-04
4.843750000000000000e+02 8.512479444270224438e-04
4.853515625000000000e+02 8.924383002492536918e-04
4.863281250000000000e+02 9.187816163867592581e-04
4.873046875000000000e+02 9.496908448742717767e-04
4.882812500000000000e+02 9.218404692443969706e-04
4.892578125000000000e+02 8.974170152416018889e-04
4.902343750000000000e+02 8.947906528818413800e-04
4.912109375000000000e+02 8.652571396069942862e-04
4.921875000000000000e+02 8.917826319269374618e-04
4.931640625000000000e+02 9.581128477051673508e-04
4.941406250000000000e+02 8.841373363498230024e-04
4.951171875000000000e+02 9.417421356330970628e-04
4.960937500000000000e+02 9.092658514730231952e-04
4.970703125000000000e+02 8.744550142440102704e-04
4.980468750000000000e+02 9.979574772157621867e-04
4.990234375000000000e+02 8.717695620683868366e-04
