   0.0000000000000000e+00   5.9600000000000000e+00
   1.0000000000000000e+00   5.5700000000000003e+00
   2.0000000000000000e+00   5.3799999999999999e+00
   3.0000000000000000e+00   5.1799999999999997e+00
   4.0000000000000000e+00   4.9900000000000002e+00
   5.0000000000000000e+00   4.5899999999999999e+00
   6.0000000000000000e+00   4.6900000000000004e+00
   7.0000000000000000e+00   4.9900000000000002e+00
   8.0000000000000000e+00   4.5899999999999999e+00
   9.0000000000000000e+00   4.5000000000000000e+00
   1.0000000000000000e+01   4.5000000000000000e+00
   1.1000000000000000e+01   5.3799999999999999e+00
   1.2000000000000000e+01   8.9900000000000002e+00
   1.3000000000000000e+01   1.3779999999999999e+01
   1.4000000000000000e+01   1.8770000000000000e+01
   1.5000000000000000e+01   2.3460000000000001e+01
   1.6000000000000000e+01   2.7660000000000000e+01
   1.7000000000000000e+01   3.1480000000000000e+01
   1.8000000000000000e+01   3.5000000000000000e+01
   1.9000000000000000e+01   3.8219999999999999e+01
   2.0000000000000000e+01   4.0859999999999999e+01
   2.1000000000000000e+01   4.4090000000000003e+01
   2.2000000000000000e+01   4.5750000000000000e+01
   2.3000000000000000e+01   4.8090000000000003e+01
   2.4000000000000000e+01   4.9950000000000003e+01
   2.5000000000000000e+01   5.1909999999999997e+01
   2.6000000000000000e+01   5.3570000000000000e+01
   2.7000000000000000e+01   5.4939999999999998e+01
   2.8000000000000000e+01   5.7380000000000003e+01
   2.9000000000000000e+01   5.7969999999999999e+01
   3.0000000000000000e+01   5.9240000000000002e+01
   3.1000000000000000e+01   6.0609999999999999e+01
   3.2000000000000000e+01   6.1880000000000003e+01
   3.3000000000000000e+01   6.2850000000000001e+01
   3.4000000000000000e+01   6.4030000000000001e+01
   3.5000000000000000e+01   6.5400000000000006e+01
   3.6000000000000000e+01   6.6180000000000007e+01
   3.7000000000000000e+01   6.7159999999999997e+01
   3.8000000000000000e+01   6.9500000000000000e+01
   3.9000000000000000e+01   6.9599999999999994e+01
   4.0000000000000000e+01   7.0480000000000004e+01
   4.1000000000000000e+01   7.1260000000000005e+01
   4.2000000000000000e+01   7.2430000000000007e+01
   4.3000000000000000e+01   7.3609999999999999e+01
   4.4000000000000000e+01   7.4489999999999995e+01
   4.5000000000000000e+01   7.6640000000000001e+01
   4.6000000000000000e+01   7.6150000000000006e+01
   4.7000000000000000e+01   7.7129999999999995e+01
   4.8000000000000000e+01   7.9180000000000007e+01
   4.9000000000000000e+01   7.9280000000000001e+01
   5.0000000000000000e+01   7.9769999999999996e+01
   5.1000000000000000e+01   8.0739999999999995e+01
   5.2000000000000000e+01   8.1920000000000002e+01
   5.3000000000000000e+01   8.2799999999999997e+01
   5.4000000000000000e+01   8.3189999999999998e+01
   5.5000000000000000e+01   8.5730000000000004e+01
   5.6000000000000000e+01   8.5340000000000003e+01
   5.7000000000000000e+01   8.5430000000000007e+01
   5.8000000000000000e+01   8.7000000000000000e+01
   5.9000000000000000e+01   8.6120000000000005e+01
   6.0000000000000000e+01   8.5920000000000002e+01
   6.1000000000000000e+01   8.5629999999999995e+01
   6.2000000000000000e+01   8.6409999999999997e+01
   6.3000000000000000e+01   8.5040000000000006e+01
   6.4000000000000000e+01   8.4459999999999994e+01
   6.5000000000000000e+01   8.5530000000000001e+01
   6.6000000000000000e+01   8.3379999999999995e+01
   6.7000000000000000e+01   8.2599999999999994e+01
   6.8000000000000000e+01   8.1920000000000002e+01
   6.9000000000000000e+01   8.1620000000000005e+01
   7.0000000000000000e+01   8.0650000000000006e+01
   7.1000000000000000e+01   7.9859999999999999e+01
   7.2000000000000000e+01   8.0939999999999998e+01
   7.3000000000000000e+01   7.9079999999999998e+01
   7.4000000000000000e+01   7.9079999999999998e+01
   7.5000000000000000e+01   7.9769999999999996e+01
   7.6000000000000000e+01   7.9370000000000005e+01
   7.7000000000000000e+01   7.9370000000000005e+01
   7.8000000000000000e+01   7.9670000000000002e+01
   7.9000000000000000e+01   8.0739999999999995e+01
   8.0000000000000000e+01   8.0650000000000006e+01
   8.1000000000000000e+01   8.0840000000000003e+01
   8.2000000000000000e+01   8.2500000000000000e+01
   8.3000000000000000e+01   8.0939999999999998e+01
   8.4000000000000000e+01   8.0939999999999998e+01
   8.5000000000000000e+01   8.0450000000000003e+01
   8.6000000000000000e+01   8.0060000000000002e+01
   8.7000000000000000e+01   7.9469999999999999e+01
   8.8000000000000000e+01   7.8790000000000006e+01
   8.9000000000000000e+01   7.9769999999999996e+01
   9.0000000000000000e+01   7.8299999999999997e+01
   9.1000000000000000e+01   7.7519999999999996e+01
   9.2000000000000000e+01   7.8689999999999998e+01
   9.3000000000000000e+01   7.7909999999999997e+01
   9.4000000000000000e+01   7.7909999999999997e+01
   9.5000000000000000e+01   7.8299999999999997e+01
   9.6000000000000000e+01   7.8890000000000001e+01
   9.7000000000000000e+01   7.9079999999999998e+01
   9.8000000000000000e+01   7.9469999999999999e+01
   9.9000000000000000e+01   8.1230000000000004e+01
   1.0000000000000000e+02   7.9670000000000002e+01
   1.0100000000000000e+02   7.9670000000000002e+01
   1.0200000000000000e+02   7.9670000000000002e+01
   1.0300000000000000e+02   7.9079999999999998e+01
   1.0400000000000000e+02   7.8299999999999997e+01
   1.0500000000000000e+02   7.8099999999999994e+01
   1.0600000000000000e+02   7.8299999999999997e+01
   1.0700000000000000e+02   7.6829999999999998e+01
   1.0800000000000000e+02   7.5659999999999997e+01
   1.0900000000000000e+02   7.6340000000000003e+01
   1.1000000000000000e+02   7.5269999999999996e+01
   1.1100000000000000e+02   7.5459999999999994e+01
   1.1200000000000000e+02   7.5459999999999994e+01
   1.1300000000000000e+02   7.5760000000000005e+01
   1.1400000000000000e+02   7.5950000000000003e+01
   1.1500000000000000e+02   7.6640000000000001e+01
   1.1600000000000000e+02   7.8400000000000006e+01
   1.1700000000000000e+02   7.7609999999999999e+01
   1.1800000000000000e+02   7.7909999999999997e+01
   1.1900000000000000e+02   7.8400000000000006e+01
   1.2000000000000000e+02   7.8489999999999995e+01
   1.2100000000000000e+02   7.7810000000000002e+01
   1.2200000000000000e+02   7.7420000000000002e+01
   1.2300000000000000e+02   7.7609999999999999e+01
   1.2400000000000000e+02   7.6640000000000001e+01
   1.2500000000000000e+02   7.5950000000000003e+01
   1.2600000000000000e+02   7.6739999999999995e+01
   1.2700000000000000e+02   7.5560000000000002e+01
   1.2800000000000000e+02   7.4980000000000004e+01
   1.2900000000000000e+02   7.4980000000000004e+01
   1.3000000000000000e+02   7.5170000000000002e+01
   1.3100000000000000e+02   7.5170000000000002e+01
   1.3200000000000000e+02   7.5370000000000005e+01
   1.3300000000000000e+02   7.6829999999999998e+01
   1.3400000000000000e+02   7.6540000000000006e+01
   1.3500000000000000e+02   7.6640000000000001e+01
   1.3600000000000000e+02   7.7909999999999997e+01
   1.3700000000000000e+02   7.6930000000000007e+01
   1.3800000000000000e+02   7.6340000000000003e+01
   1.3900000000000000e+02   7.5859999999999999e+01
   1.4000000000000000e+02   7.5950000000000003e+01
   1.4100000000000000e+02   7.5069999999999993e+01
   1.4200000000000000e+02   7.4489999999999995e+01
   1.4300000000000000e+02   7.5170000000000002e+01
   1.4400000000000000e+02   7.4099999999999994e+01
   1.4500000000000000e+02   7.4099999999999994e+01
   1.4600000000000000e+02   7.4189999999999998e+01
   1.4700000000000000e+02   7.4489999999999995e+01
   1.4800000000000000e+02   7.4879999999999995e+01
   1.4900000000000000e+02   7.5269999999999996e+01
   1.5000000000000000e+02   7.7219999999999999e+01
   1.5100000000000000e+02   7.6640000000000001e+01
   1.5200000000000000e+02   7.6640000000000001e+01
   1.5300000000000000e+02   7.8200000000000003e+01
   1.5400000000000000e+02   7.6640000000000001e+01
   1.5500000000000000e+02   7.6439999999999998e+01
   1.5600000000000000e+02   7.5859999999999999e+01
   1.5700000000000000e+02   7.5950000000000003e+01
   1.5800000000000000e+02   7.5269999999999996e+01
   1.5900000000000000e+02   7.4290000000000006e+01
   1.6000000000000000e+02   7.5069999999999993e+01
   1.6100000000000000e+02   7.3310000000000002e+01
   1.6200000000000000e+02   7.2730000000000004e+01
   1.6300000000000000e+02   7.3120000000000005e+01
   1.6400000000000000e+02   7.2629999999999995e+01
   1.6500000000000000e+02   7.2829999999999998e+01
   1.6600000000000000e+02   7.2920000000000002e+01
   1.6700000000000000e+02   7.3700000000000003e+01
   1.6800000000000000e+02   7.3799999999999997e+01
   1.6900000000000000e+02   7.4489999999999995e+01
   1.7000000000000000e+02   7.6150000000000006e+01
   1.7100000000000000e+02   7.5370000000000005e+01
   1.7200000000000000e+02   7.5760000000000005e+01
   1.7300000000000000e+02   7.5269999999999996e+01
   1.7400000000000000e+02   7.5269999999999996e+01
   1.7500000000000000e+02   7.4980000000000004e+01
   1.7600000000000000e+02   7.4489999999999995e+01
   1.7700000000000000e+02   7.4879999999999995e+01
   1.7800000000000000e+02   7.3310000000000002e+01
   1.7900000000000000e+02   7.2629999999999995e+01
   1.8000000000000000e+02   7.3120000000000005e+01
   1.8100000000000000e+02   7.2140000000000001e+01
   1.8200000000000000e+02   7.2140000000000001e+01
   1.8300000000000000e+02   7.2430000000000007e+01
   1.8400000000000000e+02   7.3019999999999996e+01
   1.8500000000000000e+02   7.3120000000000005e+01
   1.8600000000000000e+02   7.3900000000000006e+01
   1.8700000000000000e+02   7.5859999999999999e+01
   1.8800000000000000e+02   7.4780000000000001e+01
   1.8900000000000000e+02   7.4579999999999998e+01
   1.9000000000000000e+02   7.4780000000000001e+01
   1.9100000000000000e+02   7.4680000000000007e+01
   1.9200000000000000e+02   7.4099999999999994e+01
   1.9300000000000000e+02   7.3609999999999999e+01
   1.9400000000000000e+02   7.3510000000000005e+01
   1.9500000000000000e+02   7.2530000000000001e+01
   1.9600000000000000e+02   7.1950000000000003e+01
   1.9700000000000000e+02   7.2430000000000007e+01
   1.9800000000000000e+02   7.1359999999999999e+01
   1.9900000000000000e+02   7.1459999999999994e+01
