   0.0000000000000000e+00   8.0199999999999996e+00
   1.0000000000000000e+00   7.2300000000000004e+00
   2.0000000000000000e+00   6.5499999999999998e+00
   3.0000000000000000e+00   6.1600000000000001e+00
   4.0000000000000000e+00   5.9600000000000000e+00
   5.0000000000000000e+00   5.4699999999999998e+00
   6.0000000000000000e+00   5.2800000000000002e+00
   7.0000000000000000e+00   4.5899999999999999e+00
   8.0000000000000000e+00   4.8899999999999997e+00
   9.0000000000000000e+00   4.7900000000000000e+00
   1.0000000000000000e+01   4.6900000000000004e+00
   1.1000000000000000e+01   5.5700000000000003e+00
   1.2000000000000000e+01   8.9000000000000004e+00
   1.3000000000000000e+01   1.3880000000000001e+01
   1.4000000000000000e+01   1.8670000000000002e+01
   1.5000000000000000e+01   2.3460000000000001e+01
   1.6000000000000000e+01   2.7859999999999999e+01
   1.7000000000000000e+01   3.1379999999999999e+01
   1.8000000000000000e+01   3.5000000000000000e+01
   1.9000000000000000e+01   3.8320000000000000e+01
   2.0000000000000000e+01   4.0859999999999999e+01
   2.1000000000000000e+01   4.3990000000000002e+01
   2.2000000000000000e+01   4.5850000000000001e+01
   2.3000000000000000e+01   4.7899999999999999e+01
   2.4000000000000000e+01   4.9950000000000003e+01
   2.5000000000000000e+01   5.1810000000000002e+01
   2.6000000000000000e+01   5.3670000000000002e+01
   2.7000000000000000e+01   5.5130000000000003e+01
   2.8000000000000000e+01   5.7479999999999997e+01
   2.9000000000000000e+01   5.7969999999999999e+01
   3.0000000000000000e+01   5.9240000000000002e+01
   3.1000000000000000e+01   6.0700000000000003e+01
   3.2000000000000000e+01   6.1680000000000000e+01
   3.3000000000000000e+01   6.2759999999999998e+01
   3.4000000000000000e+01   6.4030000000000001e+01
   3.5000000000000000e+01   6.5489999999999995e+01
   3.6000000000000000e+01   6.6280000000000001e+01
   3.7000000000000000e+01   6.7250000000000000e+01
   3.8000000000000000e+01   6.9500000000000000e+01
   3.9000000000000000e+01   6.9400000000000006e+01
   4.0000000000000000e+01   7.0480000000000004e+01
   4.1000000000000000e+01   7.1260000000000005e+01
   4.2000000000000000e+01   7.2629999999999995e+01
   4.3000000000000000e+01   7.3310000000000002e+01
   4.4000000000000000e+01   7.4189999999999998e+01
   4.5000000000000000e+01   7.6640000000000001e+01
   4.6000000000000000e+01   7.6150000000000006e+01
   4.7000000000000000e+01   7.7129999999999995e+01
   4.8000000000000000e+01   7.9370000000000005e+01
   4.9000000000000000e+01   7.9079999999999998e+01
   5.0000000000000000e+01   7.9959999999999994e+01
   5.1000000000000000e+01   8.0549999999999997e+01
   5.2000000000000000e+01   8.1620000000000005e+01
   5.3000000000000000e+01   8.2400000000000006e+01
   5.4000000000000000e+01   8.3480000000000004e+01
   5.5000000000000000e+01   8.5829999999999998e+01
   5.6000000000000000e+01   8.5040000000000006e+01
   5.7000000000000000e+01   8.5730000000000004e+01
   5.8000000000000000e+01   8.7980000000000004e+01
   5.9000000000000000e+01   8.7590000000000003e+01
   6.0000000000000000e+01   8.8560000000000002e+01
   6.1000000000000000e+01   8.9049999999999997e+01
   6.2000000000000000e+01   9.1299999999999997e+01
   6.3000000000000000e+01   9.0709999999999994e+01
   6.4000000000000000e+01   9.1500000000000000e+01
   6.5000000000000000e+01   9.4230000000000004e+01
   6.6000000000000000e+01   9.3060000000000002e+01
   6.7000000000000000e+01   9.3939999999999998e+01
   6.8000000000000000e+01   9.5409999999999997e+01
   6.9000000000000000e+01   9.5799999999999997e+01
   7.0000000000000000e+01   9.6189999999999998e+01
   7.1000000000000000e+01   9.6969999999999999e+01
   7.2000000000000000e+01   9.9799999999999997e+01
   7.3000000000000000e+01   9.8920000000000002e+01
   7.4000000000000000e+01   9.9510000000000005e+01
   7.5000000000000000e+01   1.0000000000000000e+02
   7.6000000000000000e+01   1.0000000000000000e+02
   7.7000000000000000e+01   1.0000000000000000e+02
   7.8000000000000000e+01   1.0000000000000000e+02
   7.9000000000000000e+01   1.0000000000000000e+02
   8.0000000000000000e+01   1.0000000000000000e+02
   8.1000000000000000e+01   1.0000000000000000e+02
   8.2000000000000000e+01   1.0000000000000000e+02
   8.3000000000000000e+01   1.0000000000000000e+02
   8.4000000000000000e+01   1.0000000000000000e+02
   8.5000000000000000e+01   1.0000000000000000e+02
   8.6000000000000000e+01   1.0000000000000000e+02
   8.7000000000000000e+01   1.0000000000000000e+02
   8.8000000000000000e+01   1.0000000000000000e+02
   8.9000000000000000e+01   1.0000000000000000e+02
   9.0000000000000000e+01   1.0000000000000000e+02
   9.1000000000000000e+01   1.0000000000000000e+02
   9.2000000000000000e+01   1.0000000000000000e+02
   9.3000000000000000e+01   1.0000000000000000e+02
   9.4000000000000000e+01   1.0000000000000000e+02
   9.5000000000000000e+01   1.0000000000000000e+02
   9.6000000000000000e+01   1.0000000000000000e+02
   9.7000000000000000e+01   1.0000000000000000e+02
   9.8000000000000000e+01   1.0000000000000000e+02
   9.9000000000000000e+01   1.0000000000000000e+02
   1.0000000000000000e+02   1.0000000000000000e+02
   1.0100000000000000e+02   1.0000000000000000e+02
   1.0200000000000000e+02   1.0000000000000000e+02
   1.0300000000000000e+02   1.0000000000000000e+02
   1.0400000000000000e+02   1.0000000000000000e+02
   1.0500000000000000e+02   1.0000000000000000e+02
   1.0600000000000000e+02   1.0000000000000000e+02
   1.0700000000000000e+02   1.0000000000000000e+02
   1.0800000000000000e+02   1.0000000000000000e+02
   1.0900000000000000e+02   1.0000000000000000e+02
   1.1000000000000000e+02   1.0000000000000000e+02
   1.1100000000000000e+02   1.0000000000000000e+02
   1.1200000000000000e+02   1.0000000000000000e+02
   1.1300000000000000e+02   1.0000000000000000e+02
   1.1400000000000000e+02   1.0000000000000000e+02
   1.1500000000000000e+02   1.0000000000000000e+02
   1.1600000000000000e+02   1.0000000000000000e+02
   1.1700000000000000e+02   1.0000000000000000e+02
   1.1800000000000000e+02   1.0000000000000000e+02
   1.1900000000000000e+02   1.0000000000000000e+02
   1.2000000000000000e+02   1.0000000000000000e+02
   1.2100000000000000e+02   1.0000000000000000e+02
   1.2200000000000000e+02   1.0000000000000000e+02
   1.2300000000000000e+02   1.0000000000000000e+02
   1.2400000000000000e+02   1.0000000000000000e+02
   1.2500000000000000e+02   9.9409999999999997e+01
   1.2600000000000000e+02   9.8730000000000004e+01
   1.2700000000000000e+02   9.9709999999999994e+01
   1.2800000000000000e+02   9.7260000000000005e+01
   1.2900000000000000e+02   9.6579999999999998e+01
   1.3000000000000000e+02   9.5599999999999994e+01
   1.3100000000000000e+02   9.6189999999999998e+01
   1.3200000000000000e+02   9.4230000000000004e+01
   1.3300000000000000e+02   9.3260000000000005e+01
   1.3400000000000000e+02   9.4129999999999995e+01
   1.3500000000000000e+02   9.2180000000000007e+01
   1.3600000000000000e+02   9.1200000000000003e+01
   1.3700000000000000e+02   9.0420000000000002e+01
   1.3800000000000000e+02   8.9739999999999995e+01
   1.3900000000000000e+02   8.8659999999999997e+01
   1.4000000000000000e+02   8.7980000000000004e+01
   1.4100000000000000e+02   8.8760000000000005e+01
   1.4200000000000000e+02   8.6409999999999997e+01
   1.4300000000000000e+02   8.5239999999999995e+01
   1.4400000000000000e+02   8.5829999999999998e+01
   1.4500000000000000e+02   8.3680000000000007e+01
   1.4600000000000000e+02   8.2700000000000003e+01
   1.4700000000000000e+02   8.1519999999999996e+01
   1.4800000000000000e+02   8.1620000000000005e+01
   1.4900000000000000e+02   8.0159999999999997e+01
   1.5000000000000000e+02   7.9280000000000001e+01
   1.5100000000000000e+02   7.9670000000000002e+01
   1.5200000000000000e+02   7.7609999999999999e+01
   1.5300000000000000e+02   7.6829999999999998e+01
   1.5400000000000000e+02   7.5659999999999997e+01
   1.5500000000000000e+02   7.5069999999999993e+01
   1.5600000000000000e+02   7.3900000000000006e+01
   1.5700000000000000e+02   7.2829999999999998e+01
   1.5800000000000000e+02   7.2430000000000007e+01
   1.5900000000000000e+02   7.1159999999999997e+01
   1.6000000000000000e+02   7.0090000000000003e+01
   1.6100000000000000e+02   6.9989999999999995e+01
   1.6200000000000000e+02   6.8430000000000007e+01
   1.6300000000000000e+02   6.7250000000000000e+01
   1.6400000000000000e+02   6.6280000000000001e+01
   1.6500000000000000e+02   6.5299999999999997e+01
   1.6600000000000000e+02   6.4030000000000001e+01
   1.6700000000000000e+02   6.2850000000000001e+01
   1.6800000000000000e+02   6.2659999999999997e+01
   1.6900000000000000e+02   6.0799999999999997e+01
   1.7000000000000000e+02   5.9820000000000000e+01
   1.7100000000000000e+02   5.8359999999999999e+01
   1.7200000000000000e+02   5.7090000000000003e+01
   1.7300000000000000e+02   5.6109999999999999e+01
   1.7400000000000000e+02   5.4549999999999997e+01
   1.7500000000000000e+02   5.3079999999999998e+01
   1.7600000000000000e+02   5.1030000000000001e+01
   1.7700000000000000e+02   4.8680000000000000e+01
   1.7800000000000000e+02   4.4570000000000000e+01
   1.7900000000000000e+02   3.8609999999999999e+01
   1.8000000000000000e+02   3.2750000000000000e+01
   1.8100000000000000e+02   2.7760000000000002e+01
   1.8200000000000000e+02   2.3559999999999999e+01
   1.8300000000000000e+02   2.0230000000000000e+01
   1.8400000000000000e+02   1.7399999999999999e+01
   1.8500000000000000e+02   1.5250000000000000e+01
   1.8600000000000000e+02   1.3000000000000000e+01
   1.8700000000000000e+02   1.1529999999999999e+01
   1.8800000000000000e+02   1.0070000000000000e+01
   1.8900000000000000e+02   9.0899999999999999e+00
   1.9000000000000000e+02   8.1099999999999994e+00
   1.9100000000000000e+02   7.4299999999999997e+00
   1.9200000000000000e+02   6.9400000000000004e+00
   1.9300000000000000e+02   6.3499999999999996e+00
   1.9400000000000000e+02   5.9600000000000000e+00
   1.9500000000000000e+02   5.6699999999999999e+00
   1.9600000000000000e+02   5.5700000000000003e+00
   1.9700000000000000e+02   6.2599999999999998e+00
   1.9800000000000000e+02   9.8699999999999992e+00
   1.9900000000000000e+02   1.4570000000000000e+01
